                                                                  


District : IMPHAL EAST




===============================================================================================================================================================
YEAR   JANUARY      FEBRUARY      MARCH        APRIL         MAY          JUNE         JULY        AUGUST     SEPTEMBER     OCTOBER      NOVEMBER     DECEMBER
---------------------------------------------------------------------------------------------------------------------------------------------------------------
       R/F %DEP.    R/F %DEP.    R/F %DEP.    R/F %DEP.    R/F %DEP.    R/F %DEP.    R/F %DEP.    R/F %DEP.    R/F %DEP.    R/F %DEP.    R/F %DEP.    R/F %DEP.
---------------------------------------------------------------------------------------------------------------------------------------------------------------

2009   0.0  -100   22.5   -28   40.1   -43   74.4   -40  105.3   -28  108.1   -60  183.1   -23  203.4     8  113.9   -14  152.1    25    5.2   -87    0.0  -100

2010   7.8   -42    7.0   -77   98.4    39  248.4   102  222.2    52  260.2    -3  300.9    26   93.0   -50  136.9     3  194.2    59   16.1   -60   47.3   319

2011  25.1    86    2.3   -93   45.5   -46   35.6   -76  299.2    43  332.5   -10  287.1   -11  302.9     8  126.4   -33   27.4   -81    0.0  -100    0.0  -100

2012  19.6    45    0.0  -100   56.8   -33  158.7     9   93.2   -55  311.9   -16  270.8   -16  246.3   -12  272.3    44  137.4    -5   80.8   124    0.0  -100

2013   0.0  -100    1.0   -97   29.0   -66  103.7   -29  376.2    80  137.9   -63  275.9   -15  313.8    12  250.1    32   75.9   -47    0.0  -100    1.3   -84

===============================================================================================================================================================
