                                                                  


District : EAST SIKKIM



===============================================================================================================================================================
YEAR   JANUARY      FEBRUARY      MARCH        APRIL         MAY          JUNE         JULY        AUGUST     SEPTEMBER     OCTOBER      NOVEMBER     DECEMBER
---------------------------------------------------------------------------------------------------------------------------------------------------------------
       R/F %DEP.    R/F %DEP.    R/F %DEP.    R/F %DEP.    R/F %DEP.    R/F %DEP.    R/F %DEP.    R/F %DEP.    R/F %DEP.    R/F %DEP.    R/F %DEP.    R/F %DEP.
---------------------------------------------------------------------------------------------------------------------------------------------------------------

2009   5.7   -87    4.2   -95   87.3   -36  251.7    24  335.4    -1  355.4   -37  408.6   -29  454.1   -12  180.1   -51  201.6     5    1.7   -96    5.4   -81

2010   5.7   -87   18.0   -78  186.7    80  359.4    98  272.7   -17  504.6   -15  601.0   -10  493.8   -13  375.8   -12   95.6   -42   23.6   -20    0.1  -100

2011  21.6   -36   40.5   -28   68.5    11  145.7   -17  278.8    -4  515.9    11  587.3    15  459.1     4  376.7     6   44.9   -71   60.8   230    2.3   -88

2012  17.8   -47   21.5   -62   28.4   -54  312.2    78  201.6   -31  614.4    32  481.3    -5  442.2     0  410.9    15   72.4   -53    0.1   -99    1.0   -95

2013   4.3   -87   32.1   -43  127.7   107  256.1    46  409.0    40  382.6   -18  412.1   -19  325.1   -26  195.5   -45  191.8    24   40.7   121    7.9   -59

===============================================================================================================================================================
