                                                                  


District : ANGUL




===============================================================================================================================================================
YEAR   JANUARY      FEBRUARY      MARCH        APRIL         MAY          JUNE         JULY        AUGUST     SEPTEMBER     OCTOBER      NOVEMBER     DECEMBER
---------------------------------------------------------------------------------------------------------------------------------------------------------------
       R/F %DEP.    R/F %DEP.    R/F %DEP.    R/F %DEP.    R/F %DEP.    R/F %DEP.    R/F %DEP.    R/F %DEP.    R/F %DEP.    R/F %DEP.    R/F %DEP.    R/F %DEP.
---------------------------------------------------------------------------------------------------------------------------------------------------------------

2009   0.0  -100    0.0  -100    1.2   -95    0.0  -100   54.0    33   69.4   -65  645.0    94  320.3   -15  109.0   -52  112.9    19   30.8   104    0.0  -100

2010   1.7   -87    0.2   -99   19.9   -18    2.5   -92   96.0   136  109.8   -45  216.7   -35  221.9   -41  194.9   -14   76.8   -19    7.2   -52   35.5  1215

2011   0.0  -100   32.2    69    8.8   -65   41.5    40   94.3    70  207.4     1  165.9   -48  305.5   -14  428.7    88   38.5   -61    0.0  -100    0.0  -100

2012 104.4  1413    5.7   -70    0.0  -100    4.6   -85   15.6   -72  128.7   -37  355.3    11  404.6    14  242.1     6   62.4   -36   61.1   316    1.0   -72

2013   2.7   -61    7.8   -59    4.0   -84   25.6   -14   46.1   -17  214.9     4  374.1    17  214.9   -40  176.6   -23  356.6   264    0.0  -100    0.0  -100

===============================================================================================================================================================
