                                                                  


District : BALASORE




===============================================================================================================================================================
YEAR   JANUARY      FEBRUARY      MARCH        APRIL         MAY          JUNE         JULY        AUGUST     SEPTEMBER     OCTOBER      NOVEMBER     DECEMBER
---------------------------------------------------------------------------------------------------------------------------------------------------------------
       R/F %DEP.    R/F %DEP.    R/F %DEP.    R/F %DEP.    R/F %DEP.    R/F %DEP.    R/F %DEP.    R/F %DEP.    R/F %DEP.    R/F %DEP.    R/F %DEP.    R/F %DEP.
---------------------------------------------------------------------------------------------------------------------------------------------------------------

2009   0.0  -100    0.0  -100   16.1   -60    3.6   -94  207.1   105   74.5   -68  387.5    28  275.0   -20  297.6     0  201.0    -6   24.5   -48    0.0  -100

2010   0.2   -99    2.3   -93   14.6   -63    2.8   -96  204.9   103  187.9   -20  266.6   -12  183.4   -46  302.6     2  209.1    -3   10.4   -78   27.9   253

2011   1.6   -87   33.0    -8    6.6   -83   68.7    16  169.5    40  363.4    40  152.2   -47  341.4     2  374.9    26   24.1   -87    0.4   -99    0.1   -98

2012  70.7   494   26.1   -28    0.0  -100  105.2    78   20.8   -83  140.1   -46  171.0   -40  266.1   -20  228.0   -23   39.4   -79   39.3     1   22.9   247

2013   0.3   -97    6.6   -82    2.9   -92   87.6    48  176.9    46  233.3   -10  238.9   -17  340.8     2  356.6    20  746.0   292    0.0  -100    0.0  -100

===============================================================================================================================================================
