                                                                  


District : BOLANGIR




===============================================================================================================================================================
YEAR   JANUARY      FEBRUARY      MARCH        APRIL         MAY          JUNE         JULY        AUGUST     SEPTEMBER     OCTOBER      NOVEMBER     DECEMBER
---------------------------------------------------------------------------------------------------------------------------------------------------------------
       R/F %DEP.    R/F %DEP.    R/F %DEP.    R/F %DEP.    R/F %DEP.    R/F %DEP.    R/F %DEP.    R/F %DEP.    R/F %DEP.    R/F %DEP.    R/F %DEP.    R/F %DEP.
---------------------------------------------------------------------------------------------------------------------------------------------------------------

2009   0.0  -100    0.0  -100    0.0  -100    0.0  -100   28.2   -15   88.7   -57  943.7   144  370.1     2  129.9   -43   52.1   -29   33.6   167    0.0  -100

2010  10.7     2    0.0  -100    0.0  -100    0.6   -97   35.4     7   76.8   -63  426.4    10  252.9   -30  296.5    30   73.9     0   15.2    21   30.7   490

2011   0.0  -100    7.2   -55    3.5   -83   50.8   124   23.2   -38  144.6   -28  184.5   -52  435.9    19  351.3    59    7.4   -89    0.0  -100    0.0  -100

2012  21.0    89    0.0  -100    0.8   -96    5.7   -75    4.4   -88  223.3    11  240.3   -38  317.1   -14  261.8    19   47.8   -31    7.7   -43    0.0  -100

2013   1.3   -88    4.3   -73    0.9   -96   47.2   108   20.0   -47  189.3    -6  437.2    13  247.5   -33  164.4   -25  195.2   181    0.0  -100    0.0  -100

===============================================================================================================================================================
