                                                                  


District : CUTTACK




===============================================================================================================================================================
YEAR   JANUARY      FEBRUARY      MARCH        APRIL         MAY          JUNE         JULY        AUGUST     SEPTEMBER     OCTOBER      NOVEMBER     DECEMBER
---------------------------------------------------------------------------------------------------------------------------------------------------------------
       R/F %DEP.    R/F %DEP.    R/F %DEP.    R/F %DEP.    R/F %DEP.    R/F %DEP.    R/F %DEP.    R/F %DEP.    R/F %DEP.    R/F %DEP.    R/F %DEP.    R/F %DEP.
---------------------------------------------------------------------------------------------------------------------------------------------------------------

2009   0.0  -100    0.0  -100    0.4   -99    1.0   -97  118.0    56   88.3   -56  712.9   138  417.5    25  259.7     1  243.2    49   35.3   -36    0.0  -100

2010   8.4   -35    0.0  -100   15.7   -46    0.0  -100  116.4    54  291.8    47  327.1     9  302.5   -10  211.7   -18  202.6    24   34.6   -37   46.9   384

2011   0.0  -100   84.5   214    2.1   -93   17.6   -59  116.1    56  314.3    38  232.6   -31  387.2    10  282.1    15   29.4   -76    0.0  -100    0.0  -100

2012  79.3   439    0.0  -100    0.0  -100   77.8    80   31.8   -57  192.9   -15  491.8    46  445.7    27  202.3   -17  106.7   -14  175.5   337    0.0  -100

2013   0.1   -99    7.0   -74    1.1   -96   40.1    -7   79.4     7  216.3    -5  339.2     0  109.1   -69  232.3    -5  634.0   409    0.0  -100    0.0  -100

===============================================================================================================================================================
