                                                                  


District : DHENKANAL




===============================================================================================================================================================
YEAR   JANUARY      FEBRUARY      MARCH        APRIL         MAY          JUNE         JULY        AUGUST     SEPTEMBER     OCTOBER      NOVEMBER     DECEMBER
---------------------------------------------------------------------------------------------------------------------------------------------------------------
       R/F %DEP.    R/F %DEP.    R/F %DEP.    R/F %DEP.    R/F %DEP.    R/F %DEP.    R/F %DEP.    R/F %DEP.    R/F %DEP.    R/F %DEP.    R/F %DEP.    R/F %DEP.
---------------------------------------------------------------------------------------------------------------------------------------------------------------

2009   0.0  -100    0.0  -100    3.8   -86    0.1  -100   91.6    36   52.2   -76  761.9   137  246.8   -30  146.2   -39  164.1    30   28.1     3    0.0  -100

2010   0.3   -98    0.0  -100   12.4   -55    3.0   -92  114.4    69  172.1   -20  223.4   -30  257.9   -27  199.0   -17  102.8   -19   22.5   -17   48.4  2100

2011   0.0  -100   31.8    53    5.2   -83   44.4    16  157.7   121  282.1    25  187.4   -41  394.7     7  396.1    70   46.2   -63    0.0  -100    0.0  -100

2012 112.2  1437    0.0  -100    0.0  -100   56.7    48   32.0   -55  158.8   -30  347.3    10  417.0    13  240.6     3   85.2   -32   74.7   193    0.0  -100

2013   1.5   -79    2.5   -88    0.0  -100   45.6    19   54.2   -24  255.8    13  416.7    32  142.4   -61  246.4     6  454.9   262    0.0  -100    0.0  -100

===============================================================================================================================================================
