                                                                  


District : GAJAPATI




===============================================================================================================================================================
YEAR   JANUARY      FEBRUARY      MARCH        APRIL         MAY          JUNE         JULY        AUGUST     SEPTEMBER     OCTOBER      NOVEMBER     DECEMBER
---------------------------------------------------------------------------------------------------------------------------------------------------------------
       R/F %DEP.    R/F %DEP.    R/F %DEP.    R/F %DEP.    R/F %DEP.    R/F %DEP.    R/F %DEP.    R/F %DEP.    R/F %DEP.    R/F %DEP.    R/F %DEP.    R/F %DEP.
---------------------------------------------------------------------------------------------------------------------------------------------------------------

2009   0.0  -100    0.0  -100   14.8   -57   26.3   -52   41.7   -46  142.9   -17  348.9    50  236.9    -6  157.8   -20   91.0   -59   43.2   -39    0.1   -99

2010  32.9   184    5.5   -75   11.7   -66   27.6   -50  129.4    68  120.6   -30  234.2     1  277.7    11  191.7    -3  273.1    24   91.6    28   77.5   520

2011   0.0  -100   39.5    13    0.9   -99  149.8    89  109.9   -20  173.6   -14  213.1   -12  368.0    41  132.7   -41   36.4   -74    0.3  -100    2.4   -54

2012  39.4   315    4.2   -88    1.9   -97  105.1    33   60.1   -56  111.4   -45  225.8    -6  180.9   -31  254.0    12   89.3   -37  108.4    80    0.0  -100

2013   1.7   -82    4.1   -88    0.4   -99   86.9    10   65.1   -52  341.6    69  242.6     1  171.1   -34  227.0     0  548.3   287    7.4   -88    0.2   -96

===============================================================================================================================================================
