                                                                  


District : GANJAM




===============================================================================================================================================================
YEAR   JANUARY      FEBRUARY      MARCH        APRIL         MAY          JUNE         JULY        AUGUST     SEPTEMBER     OCTOBER      NOVEMBER     DECEMBER
---------------------------------------------------------------------------------------------------------------------------------------------------------------
       R/F %DEP.    R/F %DEP.    R/F %DEP.    R/F %DEP.    R/F %DEP.    R/F %DEP.    R/F %DEP.    R/F %DEP.    R/F %DEP.    R/F %DEP.    R/F %DEP.    R/F %DEP.
---------------------------------------------------------------------------------------------------------------------------------------------------------------

2009   0.0  -100    0.0  -100    8.6   -75    7.3   -87   81.1     5   99.5   -43  476.9   105  207.1   -17  129.0   -35  164.8   -25   89.4    25    0.0  -100

2010  58.5   404    2.1   -91    7.8   -77    3.8   -93  145.1    89  194.6    12  140.6   -39  323.4    29  195.2    -1  264.3    20  134.4    88   87.6   601

2011   0.0  -100   31.4    38    0.1  -100   68.3    65   93.6    10  107.9   -32  184.8   -16  268.5    10  160.2   -24   18.9   -90    0.0  -100    3.2   -64

2012  53.2   300    1.0   -96    0.6   -98   57.0    37   36.9   -57   88.6   -44  291.8    33  229.2    -6  183.6   -13   80.9   -59  273.1   286    0.0  -100

2013   0.1   -99    8.1   -64    0.5   -98   63.7    53   15.7   -82  206.2    30  320.4    46  160.2   -35  272.1    29  772.0   289    2.3   -97    0.0  -100

===============================================================================================================================================================
