                                                                  


District : JAGATSINGHPUR




===============================================================================================================================================================
YEAR   JANUARY      FEBRUARY      MARCH        APRIL         MAY          JUNE         JULY        AUGUST     SEPTEMBER     OCTOBER      NOVEMBER     DECEMBER
---------------------------------------------------------------------------------------------------------------------------------------------------------------
       R/F %DEP.    R/F %DEP.    R/F %DEP.    R/F %DEP.    R/F %DEP.    R/F %DEP.    R/F %DEP.    R/F %DEP.    R/F %DEP.    R/F %DEP.    R/F %DEP.    R/F %DEP.
---------------------------------------------------------------------------------------------------------------------------------------------------------------

2009   0.0  -100    0.0  -100    0.1  -100   18.4   -49  264.7   249   52.5   -74  698.2   134  299.8   -10  245.3    -5   90.1   -45   32.3   -42    0.0  -100

2010   1.2   -91    0.2   -99    0.0  -100    0.0  -100  126.7    67  177.1   -11  201.2   -33  312.6    -7  167.0   -35  398.6   144   64.0    16   40.3   315

2011   0.0  -100   21.2   -27    2.2   -94   12.4   -70  102.8    -4  341.4    44  215.1   -25  175.1   -51  176.2   -25   67.2   -54    0.0  -100    0.2   -98

2012  14.3    34    0.0  -100    1.3   -96   23.1   -44   26.3   -75  112.0   -53  281.3    -2  249.8   -31  239.0     1   76.1   -48  105.7    57    8.9     9

2013   0.5   -95    1.7   -94    0.6   -98   20.6   -50  100.4    -6  163.2   -31  213.5   -26  139.9   -61  141.8   -40  497.8   243    0.0  -100    0.0  -100

===============================================================================================================================================================
