                                                                  


District : JAJPUR




===============================================================================================================================================================
YEAR   JANUARY      FEBRUARY      MARCH        APRIL         MAY          JUNE         JULY        AUGUST     SEPTEMBER     OCTOBER      NOVEMBER     DECEMBER
---------------------------------------------------------------------------------------------------------------------------------------------------------------
       R/F %DEP.    R/F %DEP.    R/F %DEP.    R/F %DEP.    R/F %DEP.    R/F %DEP.    R/F %DEP.    R/F %DEP.    R/F %DEP.    R/F %DEP.    R/F %DEP.    R/F %DEP.
---------------------------------------------------------------------------------------------------------------------------------------------------------------

2009   0.0  -100    0.0  -100    1.5   -94    3.2   -93  167.3   153   78.9   -60  557.9    74  414.3    13  235.3   -17  206.2    19    8.5   -78    0.0  -100

2010   0.7   -94    0.3   -99   32.3    31   14.7   -69  129.9    97  208.9     6  145.5   -55  279.4   -24  212.3   -25  179.0     3   40.6     6   39.1   428

2011   0.0  -100   17.1   -40   20.1   -40   60.4    26  105.8    15  504.2   102  151.9   -46  469.5    29  337.5    31   16.5   -88    0.0  -100    0.0  -100

2012  94.1   788    0.0  -100    0.0  -100   42.8   -11   38.3   -58   83.0   -67  311.4    10  287.3   -21  156.9   -39  102.5   -24   67.8   102    1.3   -78

2013  10.3    -3    5.1   -82    0.8   -98   57.4    20   96.2     5  188.2   -25  318.9    12  157.3   -57  210.1   -19  646.6   380    0.0  -100    0.0  -100

===============================================================================================================================================================
