                                                                  


District : JHARSUGUDA




===============================================================================================================================================================
YEAR   JANUARY      FEBRUARY      MARCH        APRIL         MAY          JUNE         JULY        AUGUST     SEPTEMBER     OCTOBER      NOVEMBER     DECEMBER
---------------------------------------------------------------------------------------------------------------------------------------------------------------
       R/F %DEP.    R/F %DEP.    R/F %DEP.    R/F %DEP.    R/F %DEP.    R/F %DEP.    R/F %DEP.    R/F %DEP.    R/F %DEP.    R/F %DEP.    R/F %DEP.    R/F %DEP.
---------------------------------------------------------------------------------------------------------------------------------------------------------------

2009   0.0  -100    0.0  -100    0.0  -100    1.7   -90   43.9    19   34.1   -85  535.2    34  271.4   -35   69.2   -70  135.9   121   13.4   127    0.0  -100

2010   0.6   -96    1.8   -93    0.0  -100    0.0  -100   30.9   -16  198.1   -12  291.0   -27  311.0   -26  131.5   -43   55.9    -9    6.7    14   41.1   756

2011   0.4   -98   11.1   -48    0.2   -99   39.5   115   42.2    15  171.2   -24  261.8   -35  259.2   -38  497.2   108    4.3   -93    0.0  -100    0.0  -100

2012  49.3   197    6.4   -70    0.0  -100   43.4   136    0.3   -99  196.8   -12  402.5     0  740.3    78  229.8    -4   54.3   -15   43.1   327    4.3   -40

2013   1.4   -92    9.6   -55    6.8   -63   35.4    92   17.1   -53  175.8   -22  411.1     2  267.9   -36  165.2   -31  193.5   203    0.0  -100    0.0  -100

===============================================================================================================================================================
