                                                                  


District : KALAHANDI




===============================================================================================================================================================
YEAR   JANUARY      FEBRUARY      MARCH        APRIL         MAY          JUNE         JULY        AUGUST     SEPTEMBER     OCTOBER      NOVEMBER     DECEMBER
---------------------------------------------------------------------------------------------------------------------------------------------------------------
       R/F %DEP.    R/F %DEP.    R/F %DEP.    R/F %DEP.    R/F %DEP.    R/F %DEP.    R/F %DEP.    R/F %DEP.    R/F %DEP.    R/F %DEP.    R/F %DEP.    R/F %DEP.
---------------------------------------------------------------------------------------------------------------------------------------------------------------

2009   0.0  -100    0.0  -100    1.5   -92    0.0  -100    4.8   -89   99.4   -58  881.1   141  362.4     4  120.7   -48   48.2   -36   20.4    82    0.0  -100

2010   2.8   -57    0.0  -100    0.6   -97    4.2   -85   98.7   134  122.0   -48  409.3    12  310.0   -11  282.5    21  167.3   121   19.0    70   33.7  1772

2011   0.0  -100   16.0     7    0.0  -100   76.9   200   32.4   -27  196.8   -17  142.2   -61  423.8    14  326.8    42   17.5   -76    0.0  -100    0.0  -100

2012  22.9   377    4.5   -70    3.7   -76   16.0   -38    6.8   -85  203.2   -14  350.0    -5  330.7   -11  285.3    24   50.2   -31   21.3    59    0.0  -100

2013  11.7   144    6.6   -56    0.0  -100   31.4    23   41.1    -7  505.9   113  347.0    -6  247.0   -34  162.2   -29  224.8   211    0.0  -100    0.0  -100

===============================================================================================================================================================
