                                                                  


District : KENDRAPARA




===============================================================================================================================================================
YEAR   JANUARY      FEBRUARY      MARCH        APRIL         MAY          JUNE         JULY        AUGUST     SEPTEMBER     OCTOBER      NOVEMBER     DECEMBER
---------------------------------------------------------------------------------------------------------------------------------------------------------------
       R/F %DEP.    R/F %DEP.    R/F %DEP.    R/F %DEP.    R/F %DEP.    R/F %DEP.    R/F %DEP.    R/F %DEP.    R/F %DEP.    R/F %DEP.    R/F %DEP.    R/F %DEP.
---------------------------------------------------------------------------------------------------------------------------------------------------------------

2009   0.0  -100    0.0  -100    0.0  -100    2.0   -95  179.7   126   58.7   -73  667.3   151  209.0   -43  360.3    26  164.0   -27   35.7   -59    0.0  -100

2010   0.0  -100    0.0  -100    0.3   -99    0.0  -100   81.0     2   92.7   -58  238.3   -11  123.7   -66  196.3   -31  384.3    72   35.0   -60   27.3   179

2011   0.0  -100    3.7   -89   21.0   -44   45.3    63  129.7    43  460.2   124  209.3   -19  305.2   -16  378.4    44   23.3   -87    0.0  -100    0.0  -100

2012  47.3   463    0.0  -100    0.7   -98   17.0   -39   36.9   -59  100.2   -51  307.0    19  207.9   -43  149.2   -43   63.8   -65  176.2   151    9.5    73

2013   0.0  -100    1.0   -97    3.7   -90   76.8   176   81.6   -10  211.9     3  277.8     8  191.0   -47  165.5   -37  646.7   259    0.0  -100    0.0  -100

===============================================================================================================================================================
