                                                                  


District : KEONJHARGARH




===============================================================================================================================================================
YEAR   JANUARY      FEBRUARY      MARCH        APRIL         MAY          JUNE         JULY        AUGUST     SEPTEMBER     OCTOBER      NOVEMBER     DECEMBER
---------------------------------------------------------------------------------------------------------------------------------------------------------------
       R/F %DEP.    R/F %DEP.    R/F %DEP.    R/F %DEP.    R/F %DEP.    R/F %DEP.    R/F %DEP.    R/F %DEP.    R/F %DEP.    R/F %DEP.    R/F %DEP.    R/F %DEP.
---------------------------------------------------------------------------------------------------------------------------------------------------------------

2009   0.2   -98    0.0  -100    6.4   -80    2.0   -95  145.4    95   84.4   -58  461.2    83  307.9     0  151.3   -38  162.9    92   23.7    43    1.6   -69

2010   0.5   -96    0.4   -99   19.0   -40   19.4   -52  111.3    49  152.7   -24  251.2     0  255.5   -17  226.3    -8  108.1    27   11.2   -33   41.0   704

2011   0.0  -100   38.2    20    8.1   -78   88.8    77  149.1    47  299.9    29  226.8   -18  297.9    -7  486.8   116   39.0   -66    0.0  -100    0.0  -100

2012 109.9   578    3.4   -89    0.0  -100   49.7    -1   31.5   -69  160.6   -31  233.3   -16  382.2    19  275.5    22   78.1   -31   50.0   104    3.5   -39

2013  10.7   -34    9.9   -69    4.6   -88   49.5    -1  101.1     0  261.5    12  376.8    36  262.8   -18  236.0     5  381.9   236    0.1   -99    0.0  -100

===============================================================================================================================================================
