                                                                  


District : KHURDA




===============================================================================================================================================================
YEAR   JANUARY      FEBRUARY      MARCH        APRIL         MAY          JUNE         JULY        AUGUST     SEPTEMBER     OCTOBER      NOVEMBER     DECEMBER
---------------------------------------------------------------------------------------------------------------------------------------------------------------
       R/F %DEP.    R/F %DEP.    R/F %DEP.    R/F %DEP.    R/F %DEP.    R/F %DEP.    R/F %DEP.    R/F %DEP.    R/F %DEP.    R/F %DEP.    R/F %DEP.    R/F %DEP.
---------------------------------------------------------------------------------------------------------------------------------------------------------------

2009   0.0  -100    0.0  -100    0.0  -100   11.1   -67   68.5    24  120.9   -33  614.8    98  300.4    -4  171.4   -37  146.4   -26   82.6    24    0.0  -100

2010   5.4   -59    1.8   -92    1.1   -96    0.0  -100  160.3   190  207.1    14  193.4   -38  327.3     5  215.4   -20  198.9     1   55.3   -17   57.7   669

2011   0.0  -100   22.8   -12    0.6   -98   35.5    15  116.5    71  166.1   -11  218.1   -30  297.2   -12  204.2   -19   10.2   -94    0.0  -100    0.2   -97

2012  25.1   149    0.0  -100    0.0  -100   72.8   136    7.6   -89  150.5   -19  344.6    11  279.8   -18  145.6   -42   62.3   -63  128.4   182    0.0  -100

2013   0.4   -96    4.7   -82    0.8   -97   38.1    23   51.5   -24  199.0     7  294.9    -5  193.8   -43  283.2    13  663.9   296    0.1   -99    0.0  -100

===============================================================================================================================================================
