                                                                  


District : KORAPUT




===============================================================================================================================================================
YEAR   JANUARY      FEBRUARY      MARCH        APRIL         MAY          JUNE         JULY        AUGUST     SEPTEMBER     OCTOBER      NOVEMBER     DECEMBER
---------------------------------------------------------------------------------------------------------------------------------------------------------------
       R/F %DEP.    R/F %DEP.    R/F %DEP.    R/F %DEP.    R/F %DEP.    R/F %DEP.    R/F %DEP.    R/F %DEP.    R/F %DEP.    R/F %DEP.    R/F %DEP.    R/F %DEP.
---------------------------------------------------------------------------------------------------------------------------------------------------------------

2009   0.0  -100    0.0  -100    2.7   -86    3.4   -94   53.8   -39  100.2   -48  491.8    36  318.8   -15  142.3   -44  150.7     6   48.2    25    5.0   -17

2010  27.8   292   11.7    16    5.6   -70   23.7   -58   58.1   -34  136.3   -29  471.6    30  277.9   -26  378.3    50  160.1    13   76.3    98   18.3   205

2011   0.0  -100   11.4    -7    5.0   -69   69.5    31   48.9   -45  140.6   -30  178.3   -54  249.4   -39  273.1     2   17.6   -88    0.0  -100   11.7   208

2012  28.8   454    3.5   -72    3.8   -77   69.2    30   28.1   -69   98.4   -51  381.2    -1  562.5    37  259.2    -3   28.1   -81  102.5   221    0.0  -100

2013   0.0  -100   13.9    13    0.9   -94   98.4    85   10.5   -88  478.4   138  349.1    -9  322.5   -21  151.1   -43  207.1    40    8.7   -73    0.0  -100

===============================================================================================================================================================
