                                                                  


District : MALKANGIRI




===============================================================================================================================================================
YEAR   JANUARY      FEBRUARY      MARCH        APRIL         MAY          JUNE         JULY        AUGUST     SEPTEMBER     OCTOBER      NOVEMBER     DECEMBER
---------------------------------------------------------------------------------------------------------------------------------------------------------------
       R/F %DEP.    R/F %DEP.    R/F %DEP.    R/F %DEP.    R/F %DEP.    R/F %DEP.    R/F %DEP.    R/F %DEP.    R/F %DEP.    R/F %DEP.    R/F %DEP.    R/F %DEP.
---------------------------------------------------------------------------------------------------------------------------------------------------------------

2009   0.0  -100    0.0  -100    0.2   -98    0.8   -98   15.6   -70   44.6   -78  409.6    -6  274.0   -40  132.2   -50   31.6   -73   45.4   140    0.0  -100

2010   9.9   395    2.0   -43    0.0  -100   28.1   -25   55.0     6  239.7    20  717.0    64  472.7     4  179.4   -32   98.0   -15   72.1   281   38.9  1521

2011   0.0  -100    0.0  -100    0.0  -100   41.0    16    7.2   -88  116.6   -44  178.8   -59  274.2   -39  238.3     3   18.0   -85    0.0  -100    0.0  -100

2012   3.0    67    0.0  -100    0.0  -100  109.5   210   35.2   -43  168.7   -18  495.8    13  611.5    36  417.1    81  109.8    -6  105.9   527    0.0  -100

2013   0.0  -100   14.8   169    0.0  -100   75.0   112   69.2    12  295.9    43  529.0    21  322.6   -28  266.9    16  168.5    45   10.0   -41    0.0  -100

===============================================================================================================================================================
