                                                                  


District : MAYURBHANJ




===============================================================================================================================================================
YEAR   JANUARY      FEBRUARY      MARCH        APRIL         MAY          JUNE         JULY        AUGUST     SEPTEMBER     OCTOBER      NOVEMBER     DECEMBER
---------------------------------------------------------------------------------------------------------------------------------------------------------------
       R/F %DEP.    R/F %DEP.    R/F %DEP.    R/F %DEP.    R/F %DEP.    R/F %DEP.    R/F %DEP.    R/F %DEP.    R/F %DEP.    R/F %DEP.    R/F %DEP.    R/F %DEP.
---------------------------------------------------------------------------------------------------------------------------------------------------------------

2009   0.0  -100    0.0  -100   12.7   -70    0.8   -99  193.5    72   95.1   -62  403.1    29  250.1   -38  276.9    -4  172.8    17   20.4    21    0.5   -91

2010   0.0  -100    0.6   -98    5.1   -88   10.1   -82  116.3     4  132.9   -47  202.3   -35  179.7   -55  257.9   -10   81.4   -45   11.6   -31   25.5   364

2011   3.8   -66   17.7   -30   20.2   -58  112.8    84  157.7    43  453.7    62  160.3   -51  356.7    -5  455.9    64   26.2   -78    0.0  -100    0.0  -100

2012  70.1   526   17.3   -32    0.0  -100   78.5    28   49.9   -55  157.7   -44  272.5   -16  331.2   -11  264.6    -5   65.5   -45   26.2    11   18.8   213

2013   1.9   -83    9.7   -62    4.2   -91   88.0    43  200.3    82  216.6   -23  454.5    40  365.5    -2  308.4    11  624.8   425    0.0  -100    0.0  -100

===============================================================================================================================================================
