                                                                  


District : NAWARANGPUR




===============================================================================================================================================================
YEAR   JANUARY      FEBRUARY      MARCH        APRIL         MAY          JUNE         JULY        AUGUST     SEPTEMBER     OCTOBER      NOVEMBER     DECEMBER
---------------------------------------------------------------------------------------------------------------------------------------------------------------
       R/F %DEP.    R/F %DEP.    R/F %DEP.    R/F %DEP.    R/F %DEP.    R/F %DEP.    R/F %DEP.    R/F %DEP.    R/F %DEP.    R/F %DEP.    R/F %DEP.    R/F %DEP.
---------------------------------------------------------------------------------------------------------------------------------------------------------------

2009   0.0  -100    0.0  -100    8.7   -38    0.0  -100   36.7   -61  231.3    -4  583.8    41  393.4    -3  153.7   -41   40.3   -60   30.3    54    0.0  -100

2010   7.3   -19   14.5    34   14.3     1   55.4    -1  113.8    22   77.6   -68  568.5    37  624.9    54  482.3    86  260.0   157   51.1   159   33.0  6500

2011   0.0  -100   36.0   186    0.7   -95   77.7    44   49.3   -53  166.0   -31  262.2   -39  522.8    21  280.5    16    0.0  -100    0.0  -100    0.3   -57

2012  23.5   298    0.0  -100    0.5   -97  113.1   110   40.9   -61  155.0   -36  433.3     1  435.8     1  383.5    58   46.7   -54   64.9   242    0.0  -100

2013   0.0  -100    0.3   -98    0.0  -100   76.4    42   84.0   -19  655.8   171  392.6    -9  290.5   -33  219.1   -10  256.1   150    0.0  -100    0.0  -100

===============================================================================================================================================================
