                                                                  


District : NAWAPARA




===============================================================================================================================================================
YEAR   JANUARY      FEBRUARY      MARCH        APRIL         MAY          JUNE         JULY        AUGUST     SEPTEMBER     OCTOBER      NOVEMBER     DECEMBER
---------------------------------------------------------------------------------------------------------------------------------------------------------------
       R/F %DEP.    R/F %DEP.    R/F %DEP.    R/F %DEP.    R/F %DEP.    R/F %DEP.    R/F %DEP.    R/F %DEP.    R/F %DEP.    R/F %DEP.    R/F %DEP.    R/F %DEP.
---------------------------------------------------------------------------------------------------------------------------------------------------------------

2009   0.0  -100    0.0  -100    0.0  -100    0.0  -100   25.4    -7   69.9   -63  746.8   111  326.6     2   80.3   -67   34.1   -45   28.5   166    0.0  -100

2010   0.0  -100    0.0  -100    0.0  -100    0.0  -100   15.2   -44   73.9   -61  307.0   -13  199.0   -38  186.3   -23   80.7    30    2.3   -79   37.0  1323

2011   0.0  -100    2.0   -83    0.3   -98   37.2    55   22.7   -33   51.3   -72  214.9   -38  417.6    38  395.2   114    0.0  -100    0.0  -100    0.0  -100

2012  16.2    30    0.0  -100    0.0  -100   12.3   -49    9.0   -73   97.2   -47  293.5   -15  249.6   -17  176.8    -4   48.9   -19   32.2   118    0.0  -100

2013   0.2   -98   12.6     7    0.0  -100   14.2   -41    4.0   -88  251.0    37  522.9    51  307.0     2  183.8    -1  150.7   148    0.0  -100    0.0  -100

===============================================================================================================================================================
