                                                                  


District : NAYAGARH




===============================================================================================================================================================
YEAR   JANUARY      FEBRUARY      MARCH        APRIL         MAY          JUNE         JULY        AUGUST     SEPTEMBER     OCTOBER      NOVEMBER     DECEMBER
---------------------------------------------------------------------------------------------------------------------------------------------------------------
       R/F %DEP.    R/F %DEP.    R/F %DEP.    R/F %DEP.    R/F %DEP.    R/F %DEP.    R/F %DEP.    R/F %DEP.    R/F %DEP.    R/F %DEP.    R/F %DEP.    R/F %DEP.
---------------------------------------------------------------------------------------------------------------------------------------------------------------

2009   0.0  -100    0.0  -100    2.3   -88    0.3   -99   49.8    40  112.7   -31  861.1   227  229.4   -20  167.9   -36  172.3    -2   41.1    11    0.0  -100

2010  21.7   250   12.6   -27    4.7   -75    5.5   -79  178.9   403  281.9    71  253.4    -4  353.5    24  306.3    17  194.3    10   51.9    40   62.0   553

2011   0.0  -100   44.1    96    2.2   -92   62.0    48  100.7   111  128.5   -40  187.3   -40  394.8    21  239.8    -1   38.1   -75    0.0  -100    0.0  -100

2012 105.1   673    0.0  -100    0.0  -100  106.4   153   31.1   -35  155.0   -27  397.7    27  444.2    36  287.8    19  104.8   -31  120.7   152    1.3   -54

2013   0.5   -96   14.4   -36   10.2   -61   85.6   104   33.7   -29  270.8    27  434.2    39  193.2   -41  225.8    -7  761.0   400    0.0  -100    0.0  -100

===============================================================================================================================================================
