                                                                  


District : PURI




===============================================================================================================================================================
YEAR   JANUARY      FEBRUARY      MARCH        APRIL         MAY          JUNE         JULY        AUGUST     SEPTEMBER     OCTOBER      NOVEMBER     DECEMBER
---------------------------------------------------------------------------------------------------------------------------------------------------------------
       R/F %DEP.    R/F %DEP.    R/F %DEP.    R/F %DEP.    R/F %DEP.    R/F %DEP.    R/F %DEP.    R/F %DEP.    R/F %DEP.    R/F %DEP.    R/F %DEP.    R/F %DEP.
---------------------------------------------------------------------------------------------------------------------------------------------------------------

2009   0.0  -100    0.0  -100    0.0  -100    5.4   -77  120.6   136   74.2   -57  639.4   120  245.3   -21  266.6     9  155.6   -22   43.2   -28    0.0  -100

2010   0.8   -93    3.5   -83    0.3   -99    0.0  -100  146.1   186  168.2    -2  182.3   -37  391.6    26  245.2     0  270.1    35  108.2    80   59.7   637

2011   0.0  -100   10.0   -61    0.0  -100   10.7   -39  109.1    67  156.9    -7  214.2   -20  259.8   -21  270.2     6   22.6   -88    0.0  -100    0.5   -95

2012   6.7   -58    0.1  -100    0.0  -100   49.9   184   19.2   -71  171.7     2  262.0    -2  287.8   -12  206.6   -19   94.0   -49  177.1   215    0.0  -100

2013   0.1   -99    1.7   -93    0.0  -100   18.0     2   53.1   -19  205.3    22  270.2     1  222.2   -32  183.8   -28  586.2   216    0.0  -100    0.0  -100

===============================================================================================================================================================
