                                                                  


District : RAYAGADA




===============================================================================================================================================================
YEAR   JANUARY      FEBRUARY      MARCH        APRIL         MAY          JUNE         JULY        AUGUST     SEPTEMBER     OCTOBER      NOVEMBER     DECEMBER
---------------------------------------------------------------------------------------------------------------------------------------------------------------
       R/F %DEP.    R/F %DEP.    R/F %DEP.    R/F %DEP.    R/F %DEP.    R/F %DEP.    R/F %DEP.    R/F %DEP.    R/F %DEP.    R/F %DEP.    R/F %DEP.    R/F %DEP.
---------------------------------------------------------------------------------------------------------------------------------------------------------------

2009   0.0  -100    0.0  -100    6.2   -67    7.5   -87   37.7   -57  167.9   -13  504.1    39  288.8   -23   97.9   -61  102.3   -28   34.4   -11    0.0  -100

2010  28.7   304    1.4   -86    1.9   -90   24.0   -58  112.9    28  146.1   -24  392.3     8  312.3   -17  175.7   -30  178.6    26   33.1   -14   44.9   648

2011   0.0  -100   28.4    23    0.0  -100   84.7    51   68.7   -27  159.1    -8  144.8   -54  240.7   -10  154.6   -25   32.2   -71    0.1  -100    0.2   -95

2012  41.3   233    0.7   -97    1.2   -97   73.3    31   37.5   -60  126.8   -27  233.5   -26  323.1    21  187.5    -9   85.1   -22  117.8   306    0.0  -100

2013   3.6   -71    4.5   -81    1.2   -97   49.8   -11   47.5   -49  397.2   129  263.3   -16  250.4    -6  181.7   -12  258.6   136    1.7   -94    0.0  -100

===============================================================================================================================================================
