                                                                  


District : SAMBALPUR




===============================================================================================================================================================
YEAR   JANUARY      FEBRUARY      MARCH        APRIL         MAY          JUNE         JULY        AUGUST     SEPTEMBER     OCTOBER      NOVEMBER     DECEMBER
---------------------------------------------------------------------------------------------------------------------------------------------------------------
       R/F %DEP.    R/F %DEP.    R/F %DEP.    R/F %DEP.    R/F %DEP.    R/F %DEP.    R/F %DEP.    R/F %DEP.    R/F %DEP.    R/F %DEP.    R/F %DEP.    R/F %DEP.
---------------------------------------------------------------------------------------------------------------------------------------------------------------

2009   0.0  -100    0.0  -100    0.0  -100    0.9   -94   51.1   166   53.3   -75  545.9    24  327.3   -26  120.6   -55   78.4    31   17.8   141    0.3   -92

2010   2.0   -90    3.2   -82    0.0  -100    0.0  -100   27.1    39  143.6   -33  261.4   -42  194.1   -59  150.2   -45   60.3   -10   16.7   183   28.8   620

2011   0.0  -100   11.0   -45    1.3   -94   39.9   156   51.6    59  200.6   -11  310.4   -26  295.7   -36  534.6   112   28.1   -52    0.0  -100    0.0  -100

2012 102.0   743   11.0   -45    0.0  -100   13.7   -12    3.2   -90  235.8     4  429.6     3  743.8    60  282.9    12   94.3    62   46.2   413    2.2   -57

2013   7.1   -41   10.7   -46    1.9   -91   31.5   102   14.2   -56  191.8   -15  495.5    18  254.8   -45  155.1   -38  248.1   326    0.0  -100    0.0  -100

===============================================================================================================================================================
