                                                                  


District : AIZWAL




===============================================================================================================================================================
YEAR   JANUARY      FEBRUARY      MARCH        APRIL         MAY          JUNE         JULY        AUGUST     SEPTEMBER     OCTOBER      NOVEMBER     DECEMBER
---------------------------------------------------------------------------------------------------------------------------------------------------------------
       R/F %DEP.    R/F %DEP.    R/F %DEP.    R/F %DEP.    R/F %DEP.    R/F %DEP.    R/F %DEP.    R/F %DEP.    R/F %DEP.    R/F %DEP.    R/F %DEP.    R/F %DEP.
---------------------------------------------------------------------------------------------------------------------------------------------------------------

2009   0.0  -100    0.3   -99               125.8   -31  201.4   -29  207.5   -50  300.3    -4  331.6     4  249.0   -16  231.9    17   12.0   -73    0.0  -100

2010   0.1   -99   15.8   -35  135.0    90  197.7     9  308.0     8  383.5    -8  282.6    -9  493.8    55  405.7    37  246.3    25   15.2   -65   49.2   215

2011  12.0   -13    2.2   -93   68.4   -37   95.8   -48  456.1    30  331.7   -29  270.3   -40  379.1   -21  330.0   -16  107.5   -58    0.0  -100    0.0  -100

2012  18.7    36    8.6   -72   34.3   -68  307.4    65  221.8   -37  531.2    14  219.8   -51  420.5   -13  330.4   -15  161.1   -37   92.0    41    0.0  -100

2013   0.0  -100    4.0   -87    5.2   -95   80.2   -57  544.4    55  309.3   -34  357.9   -20  461.9    -4  315.9   -19  122.6   -52    0.0  -100    0.0  -100

===============================================================================================================================================================
