                                                                  


District : BILASPUR




===============================================================================================================================================================
YEAR   JANUARY      FEBRUARY      MARCH        APRIL         MAY          JUNE         JULY        AUGUST     SEPTEMBER     OCTOBER      NOVEMBER     DECEMBER
---------------------------------------------------------------------------------------------------------------------------------------------------------------
       R/F %DEP.    R/F %DEP.    R/F %DEP.    R/F %DEP.    R/F %DEP.    R/F %DEP.    R/F %DEP.    R/F %DEP.    R/F %DEP.    R/F %DEP.    R/F %DEP.    R/F %DEP.
---------------------------------------------------------------------------------------------------------------------------------------------------------------

2009  12.0   -87   14.1   -77   41.6   -27   39.2    46   16.5   -64   28.1   -75  347.4     4  276.9    -7  229.1    47   13.2   -57   11.0   -23    0.0  -100

2010  10.1   -89   41.2   -32    1.6   -97    2.7   -90   56.4    23  157.4    42  314.3    -6  205.0   -31  180.0    15   18.0   -42    9.4   -34   73.6   118

2011  30.3   -52   88.7    33   49.7    -8   23.1   -11   64.2    56  189.0    76  155.6   -50  390.6    28  117.3   -24    1.3   -95    0.0  -100   15.0   -48

2012 119.6    91   26.5   -60   16.6   -69   37.3    43    2.2   -95   23.0   -79  244.7   -22  343.5    13  170.9    11    4.0   -85    2.5   -82   18.3   -36

2013  56.2   -10  134.3   101   61.5    14    2.1   -92   28.8   -30  271.1   152  205.2   -34  275.1   -10   81.2   -47    8.5   -69   11.0   -21   27.6    -4

===============================================================================================================================================================
