                                                                  


District : CHAMBA




===============================================================================================================================================================
YEAR   JANUARY      FEBRUARY      MARCH        APRIL         MAY          JUNE         JULY        AUGUST     SEPTEMBER     OCTOBER      NOVEMBER     DECEMBER
---------------------------------------------------------------------------------------------------------------------------------------------------------------
       R/F %DEP.    R/F %DEP.    R/F %DEP.    R/F %DEP.    R/F %DEP.    R/F %DEP.    R/F %DEP.    R/F %DEP.    R/F %DEP.    R/F %DEP.    R/F %DEP.    R/F %DEP.
---------------------------------------------------------------------------------------------------------------------------------------------------------------

2009  81.0   -31   18.1   -83    5.4   -96    0.0  -100   26.3   -62   10.9   -89   78.4   -77   22.8   -92  115.3   -21    0.0  -100   65.8   158    7.3   -87

2010  17.9   -85   58.8   -46   17.1   -88   44.0   -44   73.3     5   82.4   -15  232.9   -31  358.4    21  137.9    -6    8.4   -84    5.2   -80   50.9    -7

2011  21.6   -83  125.6    11   83.7   -30   53.2     4   17.2   -68  129.9    -2  210.7   -63  275.9   -42  120.4   -47    9.0   -82    0.6   -97    5.1   -91

2012 213.4    69   66.9   -41   25.2   -79   93.6    83    8.0   -85   17.1   -87  127.7   -77  299.9   -37  187.1   -18    2.9   -94   24.0    10   39.8   -29

2013  56.7   -55  228.4   102   68.3   -43   19.4   -62   45.9   -14  175.4    32  185.1   -67  386.5   -19   44.0   -81   19.0   -61   34.2    56   47.6   -15

===============================================================================================================================================================
