                                                                  


District : HAMIRPUR




===============================================================================================================================================================
YEAR   JANUARY      FEBRUARY      MARCH        APRIL         MAY          JUNE         JULY        AUGUST     SEPTEMBER     OCTOBER      NOVEMBER     DECEMBER
---------------------------------------------------------------------------------------------------------------------------------------------------------------
       R/F %DEP.    R/F %DEP.    R/F %DEP.    R/F %DEP.    R/F %DEP.    R/F %DEP.    R/F %DEP.    R/F %DEP.    R/F %DEP.    R/F %DEP.    R/F %DEP.    R/F %DEP.
---------------------------------------------------------------------------------------------------------------------------------------------------------------

2009  17.3   -79   20.1   -67   26.9   -54   43.5    58   49.1    50   55.2   -57  330.5   -17  403.7    -2  196.3    25    9.4   -76   10.8   -22    0.0  -100

2010  11.8   -85   52.2   -15    5.8   -90    4.7   -83   38.2    16  118.1    -8  325.1   -18  346.4   -16  250.2    60   12.9   -67   13.3    -4   67.7   138

2011  31.3   -57  109.6    79   35.7   -40   40.8    51   70.3    65  240.7    68  223.0   -42  512.1    31  138.4   -13    3.3   -92    0.0  -100   15.2   -51

2012 132.0    81   32.1   -48   25.5   -57   44.9    66    1.3   -97   14.8   -90  374.6    -3  557.3    42  235.7    48    5.0   -88    4.0   -71   28.1    -9

2013  45.1   -38  121.4    98   80.3    36    9.7   -64   13.9   -67  295.0   106  441.4    15  280.8   -28   73.4   -54   24.4   -41   12.8    -8   29.8    -4

===============================================================================================================================================================
