                                                                  


District : KANGRA




===============================================================================================================================================================
YEAR   JANUARY      FEBRUARY      MARCH        APRIL         MAY          JUNE         JULY        AUGUST     SEPTEMBER     OCTOBER      NOVEMBER     DECEMBER
---------------------------------------------------------------------------------------------------------------------------------------------------------------
       R/F %DEP.    R/F %DEP.    R/F %DEP.    R/F %DEP.    R/F %DEP.    R/F %DEP.    R/F %DEP.    R/F %DEP.    R/F %DEP.    R/F %DEP.    R/F %DEP.    R/F %DEP.
---------------------------------------------------------------------------------------------------------------------------------------------------------------

2009  30.1   -66   35.1   -54   29.0   -65   55.6    54   33.9   -20   52.3   -60  402.8   -31  329.4   -46  162.1   -34   13.5   -72   65.7   356    0.4   -99

2010  17.3   -81   66.0   -13   12.3   -85   10.7   -70   50.4    18  123.9    -4  339.9   -42  658.3     9  249.5     1   22.4   -54    8.2   -43   52.3    15

2011  51.0   -39   93.1    16   36.6   -57   69.1    73   45.8     2  213.6    47  357.8   -39  756.6    22  218.6    -7   28.8   -40    0.2   -99    4.6   -89

2012 170.6   106   45.9   -43   37.3   -56   53.3    34    9.9   -78   35.9   -75  603.9     4  940.2    52  308.9    32    9.1   -81    4.0   -75   31.6   -22

2013  52.2   -37  121.3    51   72.5   -15   28.9   -28   26.5   -41  370.4   154  666.0    14  739.6    19  169.4   -28   89.4    86   19.8    25   47.5    17

===============================================================================================================================================================
