                                                                  


District : KINNAUR




===============================================================================================================================================================
YEAR   JANUARY      FEBRUARY      MARCH        APRIL         MAY          JUNE         JULY        AUGUST     SEPTEMBER     OCTOBER      NOVEMBER     DECEMBER
---------------------------------------------------------------------------------------------------------------------------------------------------------------
       R/F %DEP.    R/F %DEP.    R/F %DEP.    R/F %DEP.    R/F %DEP.    R/F %DEP.    R/F %DEP.    R/F %DEP.    R/F %DEP.    R/F %DEP.    R/F %DEP.    R/F %DEP.
---------------------------------------------------------------------------------------------------------------------------------------------------------------

2009  29.9   -70   36.5   -65   12.6   -88   59.8   -21   65.3    11   26.8   -10   49.4     3   19.3   -61  205.9   263   19.6   -42   24.8    39   22.1   -58

2010  37.1   -63  107.2     3   63.2   -42  113.1    49  118.1   101   80.0   168  130.7   173  132.4   170  203.9   259   26.3   -22   13.6   -24   44.2   -15

2011  46.1   -55  115.5     7   77.6   -32   64.3   -17   34.8   -50   37.5     1   62.1   -17  115.5    42   21.8   -69    1.4   -96    0.0  -100    4.9   -90

2012  99.2    -3  136.5    27   72.2   -37   64.2   -17    9.4   -86    6.5   -82   22.7   -70   56.6   -30   35.7   -50    0.9   -97    1.8   -90   17.1   -65

2013 150.7    48  242.9   125   89.4   -22   56.8   -27   31.4   -55  335.4   804   24.0   -68   24.3   -70   76.8     8    5.5   -84    8.4   -52    9.4   -81

===============================================================================================================================================================
