                                                                  


District : MANDI




===============================================================================================================================================================
YEAR   JANUARY      FEBRUARY      MARCH        APRIL         MAY          JUNE         JULY        AUGUST     SEPTEMBER     OCTOBER      NOVEMBER     DECEMBER
---------------------------------------------------------------------------------------------------------------------------------------------------------------
       R/F %DEP.    R/F %DEP.    R/F %DEP.    R/F %DEP.    R/F %DEP.    R/F %DEP.    R/F %DEP.    R/F %DEP.    R/F %DEP.    R/F %DEP.    R/F %DEP.    R/F %DEP.
---------------------------------------------------------------------------------------------------------------------------------------------------------------

2009  19.2   -75   16.1   -76   57.6   -29   45.9     1   61.4     5   71.8   -54  185.3   -57  240.9   -39  239.9    47    7.2   -81   19.7    19    0.2   -99

2010  11.4   -85   83.2    25   14.0   -83   18.5   -59   47.4   -19  187.6    20  378.5   -12  434.8    11  215.9    33   21.5   -42    8.5   -48   62.3   101

2011  35.2   -50   91.1    35   55.2   -32   71.1    47   96.0    49  230.2    44  269.9   -34  470.5    27  126.4   -17    4.3   -88    0.3   -98   14.7   -52

2012 114.5    61   39.3   -42   27.3   -67   94.6    96    6.3   -90   36.7   -77  426.9     4  480.6    30  186.9    23    2.9   -92    5.0   -67   22.2   -28

2013  62.4   -12  142.5   111   71.5   -12   29.0   -40   18.7   -71  381.9   139  393.5    -4  321.4   -13   97.8   -36   14.1   -59   17.6    15   23.2   -25

===============================================================================================================================================================
