                                                                  


District : SOLAN




===============================================================================================================================================================
YEAR   JANUARY      FEBRUARY      MARCH        APRIL         MAY          JUNE         JULY        AUGUST     SEPTEMBER     OCTOBER      NOVEMBER     DECEMBER
---------------------------------------------------------------------------------------------------------------------------------------------------------------
       R/F %DEP.    R/F %DEP.    R/F %DEP.    R/F %DEP.    R/F %DEP.    R/F %DEP.    R/F %DEP.    R/F %DEP.    R/F %DEP.    R/F %DEP.    R/F %DEP.    R/F %DEP.
---------------------------------------------------------------------------------------------------------------------------------------------------------------

2009  10.6   -87   22.2   -68   34.3   -52   19.4   -36   21.1   -60   44.9   -68  224.7   -43  122.4   -64  365.9   115   10.3   -80    6.1   -58    0.2   -99

2010   7.5   -91   56.3   -19    0.2  -100    0.7   -98   39.4   -25  169.2    22  419.3     7  287.4   -15  283.8    67   29.8   -41   15.4     5   68.3    92

2011   8.7   -88   61.5    -7   15.5   -75   11.5   -59   31.0   -36  179.6    38  279.2   -24  251.2   -24   55.1   -68    0.2  -100    0.0  -100   17.0   -47

2012  67.8    -5    9.2   -86   12.4   -80   41.5    49    3.0   -94   15.1   -88  317.9   -14  366.8    11  195.0    15    1.0   -98    2.4   -81   19.1   -40

2013  91.0    27  184.7   179   60.8    -3    4.4   -84   21.0   -57  348.9   168  185.4   -50  188.3   -43   89.6   -47   28.7   -35   24.0    86   23.5   -27

===============================================================================================================================================================
