                                                                  


District : UNA




===============================================================================================================================================================
YEAR   JANUARY      FEBRUARY      MARCH        APRIL         MAY          JUNE         JULY        AUGUST     SEPTEMBER     OCTOBER      NOVEMBER     DECEMBER
---------------------------------------------------------------------------------------------------------------------------------------------------------------
       R/F %DEP.    R/F %DEP.    R/F %DEP.    R/F %DEP.    R/F %DEP.    R/F %DEP.    R/F %DEP.    R/F %DEP.    R/F %DEP.    R/F %DEP.    R/F %DEP.    R/F %DEP.
---------------------------------------------------------------------------------------------------------------------------------------------------------------

2009  14.6   -71   45.0    -5   31.8   -25   31.2   104   25.3     2   44.2   -23  430.9    31  454.3    56   84.1   -46   20.6   -37   30.2   131    0.0  -100

2010  10.8   -79   38.4   -19    2.4   -94    1.3   -92   52.4   110   79.5    38  270.4   -18  409.6    41  217.9    39   35.1     8    5.8   -56   58.7   145

2011  32.4   -30  124.2   175   42.7     4   26.9    56   29.3     9  166.5   146  176.1   -48  443.8    43  203.5    41   17.8   -45    0.0  -100    9.2   -62

2012 110.4   138   16.1   -64    7.6   -81   55.1   220    0.5   -98   29.4   -57  175.0   -49  347.4    12  255.0    76    2.8   -91    6.7   -57   43.0    78

2013  29.6   -36   81.9    82   35.4   -13    7.5   -56   13.2   -51  293.2   334  430.4    27  370.6    19   95.5   -34   61.1    90    7.8   -50   31.9    32

===============================================================================================================================================================
