                                                                  


District : AMRITSAR



===============================================================================================================================================================
YEAR   JANUARY      FEBRUARY      MARCH        APRIL         MAY          JUNE         JULY        AUGUST     SEPTEMBER     OCTOBER      NOVEMBER     DECEMBER
---------------------------------------------------------------------------------------------------------------------------------------------------------------
       R/F %DEP.    R/F %DEP.    R/F %DEP.    R/F %DEP.    R/F %DEP.    R/F %DEP.    R/F %DEP.    R/F %DEP.    R/F %DEP.    R/F %DEP.    R/F %DEP.    R/F %DEP.
---------------------------------------------------------------------------------------------------------------------------------------------------------------

2009  14.7   -52   17.4   -34   12.8   -64   15.5   -21    1.6   -90    0.8   -98   80.7   -60   72.6   -59   46.9   -51    0.0  -100   13.4   113    0.0  -100

2010   0.2   -99    7.9   -70    1.3   -96    0.1   -99    5.8   -65   18.1   -49  171.4   -15  188.1     6   77.2   -19    4.3   -83    0.0  -100    4.4   -75

2011   0.3   -99   27.2    -6    7.2   -80   24.0    15    6.7   -61   61.6    43  126.5   -40  187.0    -4  100.8    13    0.0  -100    1.8   -76    3.2   -79

2012  56.5    86    4.7   -84    6.5   -82   41.9   100    0.1   -99    8.2   -81   47.4   -78  146.0   -25  131.4    48   12.6   -56    0.1   -99   13.7    -9

2013   9.7   -68   67.9   134    3.3   -91    4.1   -80    3.2   -81   97.2   126  127.2   -40  314.7    62   13.1   -85   32.4    13   10.5    38    2.5   -83

===============================================================================================================================================================
