                                                                  


District : BHATINDA



===============================================================================================================================================================
YEAR   JANUARY      FEBRUARY      MARCH        APRIL         MAY          JUNE         JULY        AUGUST     SEPTEMBER     OCTOBER      NOVEMBER     DECEMBER
---------------------------------------------------------------------------------------------------------------------------------------------------------------
       R/F %DEP.    R/F %DEP.    R/F %DEP.    R/F %DEP.    R/F %DEP.    R/F %DEP.    R/F %DEP.    R/F %DEP.    R/F %DEP.    R/F %DEP.    R/F %DEP.    R/F %DEP.
---------------------------------------------------------------------------------------------------------------------------------------------------------------

2009  13.8     8   19.1    17    5.8   -55   10.5    54    3.9   -62    5.6   -81  106.1    -7   18.1   -85   69.1    -3    0.0  -100    0.2   -90    0.0  -100

2010   3.4   -73   12.9   -21    2.2   -83    0.0  -100    3.0   -71   34.1    17  116.1     2  103.2   -14   79.9    12    0.0  -100    0.0  -100    2.5   -58

2011   0.0  -100   19.2    10    0.3   -98    5.2   -35   17.8    84   18.3   -45   65.8   -40  158.0    37  209.7   236    0.0  -100    0.0  -100    0.0  -100

2012  14.2    23    0.0  -100    0.0  -100    7.5    -6    0.5   -95   14.6   -56   28.6   -74  115.8     0   28.4   -55    3.1   -84    0.0  -100    3.2   -41

2013   8.0   -30   40.0   130   15.0    15   12.0    50    3.0   -69   88.0   163  107.0    -2  305.0   164   10.0   -84    0.0  -100    4.0    48    0.5   -91

===============================================================================================================================================================
