                                                                  


District : FARIDKOT



===============================================================================================================================================================
YEAR   JANUARY      FEBRUARY      MARCH        APRIL         MAY          JUNE         JULY        AUGUST     SEPTEMBER     OCTOBER      NOVEMBER     DECEMBER
---------------------------------------------------------------------------------------------------------------------------------------------------------------
       R/F %DEP.    R/F %DEP.    R/F %DEP.    R/F %DEP.    R/F %DEP.    R/F %DEP.    R/F %DEP.    R/F %DEP.    R/F %DEP.    R/F %DEP.    R/F %DEP.    R/F %DEP.
---------------------------------------------------------------------------------------------------------------------------------------------------------------

2009  28.0    76   32.2   142   10.8   -46   13.6    72    0.0  -100    5.2   -84  126.8    -4   24.0   -78   77.1     2    5.3   -52    0.0  -100    0.0  -100

2010   0.0  -100   14.0     5    0.0  -100    0.0  -100    2.0   -85   21.0   -37  105.0   -21   35.0   -68   75.2    -1    0.0  -100    0.0  -100    0.0  -100

2011   0.0  -100   11.6   -19    0.8   -95    0.0  -100    0.0  -100   88.0   144   76.5   -36  147.3    42   87.6    34    0.0  -100    0.0  -100    0.0  -100

2012  12.5   -22    0.0  -100    0.0  -100    3.8   -53    0.0  -100   43.5    21    0.0  -100   29.5   -72   66.0     1    7.0   -29    0.0  -100   15.5   107

2013  21.0    30   69.5   386    7.0   -59    6.0   -26   10.0   -28  145.9   305   96.3   -20  368.2   255   23.0   -65   38.0   288   11.0   189    1.0   -87

===============================================================================================================================================================
