                                                                  


District : FATEHGARH SAHIB



===============================================================================================================================================================
YEAR   JANUARY      FEBRUARY      MARCH        APRIL         MAY          JUNE         JULY        AUGUST     SEPTEMBER     OCTOBER      NOVEMBER     DECEMBER
---------------------------------------------------------------------------------------------------------------------------------------------------------------
       R/F %DEP.    R/F %DEP.    R/F %DEP.    R/F %DEP.    R/F %DEP.    R/F %DEP.    R/F %DEP.    R/F %DEP.    R/F %DEP.    R/F %DEP.    R/F %DEP.    R/F %DEP.
---------------------------------------------------------------------------------------------------------------------------------------------------------------

2009   3.0   -89    6.0   -72   12.0   -53   12.0    11    3.0   -81   24.7   -48   76.0   -67    7.0   -96   18.0   -83    0.0  -100    0.0  -100    0.0  -100

2010   7.0   -74   13.0   -38    0.0  -100    0.0  -100    0.0  -100   23.5   -51  128.0   -44    5.0   -97  106.4     0    0.0  -100    0.0  -100   22.0    21

2011   1.0   -96    6.4   -71    0.0  -100    8.0   -20   36.2   164  110.3   142   83.6   -62  217.4    25  149.3    40    0.0  -100    0.0  -100    2.3   -86

2012   0.5   -98    0.0  -100    0.0  -100    8.5   -15    0.0  -100    3.5   -92   19.9   -91   14.9   -91    5.3   -95    5.0   -74    0.3   -96    7.0   -59

2013  15.0   -40   49.5   127   51.3   127    4.0   -60    8.5   -38  259.5   469   84.3   -62  148.9   -15   31.3   -71   28.0    48    8.0    13    7.0   -59

===============================================================================================================================================================
