                                                                  


District : GURDASPUR



===============================================================================================================================================================
YEAR   JANUARY      FEBRUARY      MARCH        APRIL         MAY          JUNE         JULY        AUGUST     SEPTEMBER     OCTOBER      NOVEMBER     DECEMBER
---------------------------------------------------------------------------------------------------------------------------------------------------------------
       R/F %DEP.    R/F %DEP.    R/F %DEP.    R/F %DEP.    R/F %DEP.    R/F %DEP.    R/F %DEP.    R/F %DEP.    R/F %DEP.    R/F %DEP.    R/F %DEP.    R/F %DEP.
---------------------------------------------------------------------------------------------------------------------------------------------------------------

2009  13.7   -74   28.1   -31    5.2   -90   18.5   -16    5.7   -68   19.3   -60  247.4   -18  197.5   -29   30.5   -77    2.4   -94   30.9   247    0.0  -100

2010   2.4   -95   34.6   -16    1.3   -97    0.3   -99    9.6   -46   27.0   -44  218.0   -28  412.1    48  138.9     7   16.2   -57    6.0   -33   51.7    99

2011   6.3   -90   87.1    75   22.6   -58   33.2    29   12.5   -41  176.5   209  131.4   -60  357.3    12  128.2     2    3.6   -90    0.0  -100   10.2   -60

2012 140.3   134   20.6   -59   10.8   -80   27.0     5    5.1   -76   16.2   -72  225.5   -31  507.9    59  198.0    57    3.5   -91    1.6   -85   22.2   -14

2013  38.0   -37  127.7   156   19.5   -64    2.1   -92    5.3   -75  131.9   131  360.2    11  610.2    91   95.4   -24   74.2    99   13.2    20   21.4   -17

===============================================================================================================================================================
