                                                                  


District : HOSHIARPUR



===============================================================================================================================================================
YEAR   JANUARY      FEBRUARY      MARCH        APRIL         MAY          JUNE         JULY        AUGUST     SEPTEMBER     OCTOBER      NOVEMBER     DECEMBER
---------------------------------------------------------------------------------------------------------------------------------------------------------------
       R/F %DEP.    R/F %DEP.    R/F %DEP.    R/F %DEP.    R/F %DEP.    R/F %DEP.    R/F %DEP.    R/F %DEP.    R/F %DEP.    R/F %DEP.    R/F %DEP.    R/F %DEP.
---------------------------------------------------------------------------------------------------------------------------------------------------------------

2009   8.8   -78   27.7   -29   16.0   -60   34.8   132    3.3   -84    2.8   -96  291.9     6  153.6   -35   49.4   -64    1.7   -94   12.1    64    0.0  -100

2010   5.8   -86    8.1   -79    0.4   -99    0.0  -100   16.4   -21   34.3   -52  263.7    -4  195.3   -17  107.0   -21   34.8    13    0.6   -92   26.9    24

2011   5.8   -85   66.0    66    9.5   -76   13.9   -13   22.1     8  128.2    71  171.1   -38  206.2   -15  114.8    -9    0.0  -100    0.0  -100    4.0   -80

2012  84.4   120    3.6   -91    4.7   -88   20.3    27    0.5   -98    9.7   -87  130.8   -53   67.3   -72  107.7   -14    0.5   -98    0.2   -98   12.8   -36

2013  15.0   -61   64.0    61   10.0   -75    3.8   -76    4.4   -78  111.1    48  128.6   -53  170.2   -30   40.6   -68   14.4   -54    3.7   -60   20.2     1

===============================================================================================================================================================
