                                                                  


District : JALANDHAR



===============================================================================================================================================================
YEAR   JANUARY      FEBRUARY      MARCH        APRIL         MAY          JUNE         JULY        AUGUST     SEPTEMBER     OCTOBER      NOVEMBER     DECEMBER
---------------------------------------------------------------------------------------------------------------------------------------------------------------
       R/F %DEP.    R/F %DEP.    R/F %DEP.    R/F %DEP.    R/F %DEP.    R/F %DEP.    R/F %DEP.    R/F %DEP.    R/F %DEP.    R/F %DEP.    R/F %DEP.    R/F %DEP.
---------------------------------------------------------------------------------------------------------------------------------------------------------------

2009   5.5   -81   18.4   -31   19.4   -38   30.1   113    3.9   -80    6.2   -86  282.3    40  165.9   -10   74.8   -39    0.9   -96    8.0    29    0.0  -100

2010   5.2   -82    3.8   -86    1.4   -96    1.8   -87    1.6   -92   12.3   -73  251.2    24   82.0   -55  136.1    11    3.6   -84    0.0  -100   14.2   -22

2011   4.5   -84   13.6   -52    5.2   -83    5.8   -58    6.2   -69   84.4    74  159.8   -22  212.8    13   73.6   -34    0.0  -100    0.0  -100    5.8   -65

2012  93.7   228    1.8   -94    3.2   -90   13.9     1    0.2   -99    1.9   -96   91.0   -55   79.2   -58  107.5    -3    0.7   -97    0.0  -100    6.2   -63

2013   6.4   -78   84.2   194   10.3   -66    6.0   -56    7.4   -63  166.3   243  117.5   -42  151.8   -19   34.7   -69    5.5   -75    2.6   -64    1.2   -93

===============================================================================================================================================================
