                                                                  


District : KAPURTHALA



===============================================================================================================================================================
YEAR   JANUARY      FEBRUARY      MARCH        APRIL         MAY          JUNE         JULY        AUGUST     SEPTEMBER     OCTOBER      NOVEMBER     DECEMBER
---------------------------------------------------------------------------------------------------------------------------------------------------------------
       R/F %DEP.    R/F %DEP.    R/F %DEP.    R/F %DEP.    R/F %DEP.    R/F %DEP.    R/F %DEP.    R/F %DEP.    R/F %DEP.    R/F %DEP.    R/F %DEP.    R/F %DEP.
---------------------------------------------------------------------------------------------------------------------------------------------------------------

2009   0.0  -100   34.0   121   18.0   -20   40.5   800    2.5   -73    2.5   -93  352.0   169  238.0    99   69.0    -3    0.0  -100    0.0  -100    0.0  -100

2010   0.0  -100    0.0  -100    0.0  -100    0.0  -100    5.7   -37    2.0   -94  221.3    69   49.5   -59  138.0    94    0.0  -100    0.0  -100   24.0   182

2011   6.0   -78   44.5   112    5.0   -81   10.5    11    1.0   -93  169.2   356  205.2    23  155.9    14   99.4    20    0.0  -100    0.0  -100    0.6   -94

2012  90.4   228    1.6   -92    1.7   -93   36.2   281    1.0   -93    0.8   -98   76.9   -54  118.4   -13  261.2   216    1.7   -95    0.7   -87    7.3   -31

2013   6.0   -78   73.7   251   12.7   -51    8.8    -7    3.6   -74  234.1   531  128.0   -23  171.3    25   26.1   -68   13.1   -58    0.3   -94   19.0    79

===============================================================================================================================================================
