                                                                  


District : LUDHIANA



===============================================================================================================================================================
YEAR   JANUARY      FEBRUARY      MARCH        APRIL         MAY          JUNE         JULY        AUGUST     SEPTEMBER     OCTOBER      NOVEMBER     DECEMBER
---------------------------------------------------------------------------------------------------------------------------------------------------------------
       R/F %DEP.    R/F %DEP.    R/F %DEP.    R/F %DEP.    R/F %DEP.    R/F %DEP.    R/F %DEP.    R/F %DEP.    R/F %DEP.    R/F %DEP.    R/F %DEP.    R/F %DEP.
---------------------------------------------------------------------------------------------------------------------------------------------------------------

2009  11.5   -56   16.0   -41    8.2   -71   40.0   210    7.0   -59   31.3   -28  282.9    45   61.7   -65   74.6   -32   19.7     2    6.9    25    0.0  -100

2010   6.6   -75    9.2   -66    0.2   -99    0.0  -100    4.5   -74   18.5   -58  248.9    27  155.0   -13   97.2   -12    5.3   -73    0.3   -95   18.2    21

2011   6.1   -75   33.6    29    2.2   -92   12.2     1   18.5    11  168.0   228   60.0   -70  225.3    26  168.2    65    0.0  -100    0.0  -100    6.7   -54

2012  17.2   -29    3.6   -86    0.7   -97   27.7   129    0.7   -96    4.2   -92   71.9   -65  101.6   -43   71.4   -30    1.9   -93    0.0  -100    7.4   -50

2013   5.9   -76   58.5   124   20.0   -25    2.1   -83    3.9   -77  148.7   190  100.2   -51  159.9   -10   23.8   -77   20.0   -22    1.1   -80   10.4   -29

===============================================================================================================================================================
