                                                                  


District : MOGA



===============================================================================================================================================================
YEAR   JANUARY      FEBRUARY      MARCH        APRIL         MAY          JUNE         JULY        AUGUST     SEPTEMBER     OCTOBER      NOVEMBER     DECEMBER
---------------------------------------------------------------------------------------------------------------------------------------------------------------
       R/F %DEP.    R/F %DEP.    R/F %DEP.    R/F %DEP.    R/F %DEP.    R/F %DEP.    R/F %DEP.    R/F %DEP.    R/F %DEP.    R/F %DEP.    R/F %DEP.    R/F %DEP.
---------------------------------------------------------------------------------------------------------------------------------------------------------------

2009  14.0   -32   10.5   -29   20.8    18   23.7   179   16.8    21    3.2   -89   87.8   -38   60.1   -55   91.9     5    0.0  -100    0.0  -100    0.0  -100

2010   1.0   -95   11.8   -20    1.0   -94    0.0  -100    0.0  -100    1.8   -94  293.8   109   32.0   -76   66.5   -24    0.0  -100    0.0  -100    0.0  -100

2011   1.0   -95   14.2     6    2.3   -85   47.4   389   32.4   106  170.1   405   75.8   -38  166.0    24   96.7    52    0.0  -100    0.0  -100    0.0  -100

2012   3.0   -86    0.0  -100    0.0  -100   24.1   148    0.0  -100    6.0   -82    4.8   -96   21.9   -84   72.1    13    6.2   -70    0.0  -100    2.0   -73

2013   2.0   -91   17.1    28    0.0  -100    3.1   -68    0.0  -100  129.5   284  124.0     1  304.4   128    5.5   -91   12.7   -39    4.6    48    3.5   -53

===============================================================================================================================================================
