                                                                  


District : MUKTSAR



===============================================================================================================================================================
YEAR   JANUARY      FEBRUARY      MARCH        APRIL         MAY          JUNE         JULY        AUGUST     SEPTEMBER     OCTOBER      NOVEMBER     DECEMBER
---------------------------------------------------------------------------------------------------------------------------------------------------------------
       R/F %DEP.    R/F %DEP.    R/F %DEP.    R/F %DEP.    R/F %DEP.    R/F %DEP.    R/F %DEP.    R/F %DEP.    R/F %DEP.    R/F %DEP.    R/F %DEP.    R/F %DEP.
---------------------------------------------------------------------------------------------------------------------------------------------------------------

2009  13.2   -23   48.5   371    4.3   -79    9.1    57    1.0   -87    3.3   -86   54.9   -49   33.7   -67    8.9   -87    0.0  -100    0.0  -100    0.0  -100

2010   0.0  -100    8.0   -22    0.0  -100    0.0  -100    0.0  -100   23.0    -3   97.8    -9  107.6     7   24.0   -64    0.0  -100    0.0  -100    2.0   -75

2011   0.0  -100   11.7    -8    0.9   -95    4.3   -39   15.7    44   30.0    -4   25.8   -77  102.8    -4  175.9   193    0.0  -100    0.0  -100    0.0  -100

2012   5.0   -70    0.0  -100    0.5   -97    0.5   -93    0.5   -95    0.3   -99   33.5   -70   20.3   -81    5.0   -92    2.0   -82    0.0  -100    7.0    -7

2013   3.5   -79   10.0   -21    3.0   -84    1.0   -86    3.5   -68  146.5   370   62.3   -45  352.5   228    0.0  -100    0.0  -100    2.0   -43    0.0  -100

===============================================================================================================================================================
