                                                                  


District : PATIALA



===============================================================================================================================================================
YEAR   JANUARY      FEBRUARY      MARCH        APRIL         MAY          JUNE         JULY        AUGUST     SEPTEMBER     OCTOBER      NOVEMBER     DECEMBER
---------------------------------------------------------------------------------------------------------------------------------------------------------------
       R/F %DEP.    R/F %DEP.    R/F %DEP.    R/F %DEP.    R/F %DEP.    R/F %DEP.    R/F %DEP.    R/F %DEP.    R/F %DEP.    R/F %DEP.    R/F %DEP.    R/F %DEP.
---------------------------------------------------------------------------------------------------------------------------------------------------------------

2009   9.3   -67   10.1   -63   23.0    13   38.7   287    9.7   -44   14.3   -69  125.9   -36  118.0   -37  163.3    43    3.8   -80    0.4   -90    0.0  -100

2010   4.9   -83    6.2   -77    0.0  -100    0.4   -96    1.3   -92  120.0   160  363.0    83   75.8   -60  188.8    65    7.2   -62    0.0  -100   30.4   111

2011   5.1   -81   21.3   -14    7.7   -63    4.1   -56   10.4   -32  197.2   259  147.3   -38  142.5   -32  138.9    20    0.0  -100    0.0  -100    5.4   -63

2012  10.4   -61    0.1  -100    0.3   -99   17.9    92    3.7   -76   18.3   -67  127.4   -46  110.2   -47   74.1   -36    0.5   -98    0.9   -79    7.8   -46

2013   8.2   -69   54.5   121   16.5   -21    0.7   -92    0.6   -96   87.5    59  129.4   -45  167.0   -20   30.3   -74    3.7   -82    1.3   -70    4.1   -72

===============================================================================================================================================================
