                                                                  


District : ROPAR



===============================================================================================================================================================
YEAR   JANUARY      FEBRUARY      MARCH        APRIL         MAY          JUNE         JULY        AUGUST     SEPTEMBER     OCTOBER      NOVEMBER     DECEMBER
---------------------------------------------------------------------------------------------------------------------------------------------------------------
       R/F %DEP.    R/F %DEP.    R/F %DEP.    R/F %DEP.    R/F %DEP.    R/F %DEP.    R/F %DEP.    R/F %DEP.    R/F %DEP.    R/F %DEP.    R/F %DEP.    R/F %DEP.
---------------------------------------------------------------------------------------------------------------------------------------------------------------

2009   8.1   -82   15.3   -51   24.7   -10   29.6   131    9.9   -50   30.4   -47  239.3    -6  150.3   -32  171.6    26    0.0  -100    6.4   -28    0.0  -100

2010   4.8   -89   17.9   -43    0.0  -100    0.7   -95    6.8   -66  117.6   104  438.2    71  212.6    -4  157.8    16   20.1   -20    0.0  -100   44.4   144

2011  16.4   -61   58.9    51   46.3   -10   22.7    54   25.0    -2  131.8   102  148.1   -49  295.0    17  123.4     4    9.8   -50    0.0  -100    7.7   -67

2012  65.1    56    7.7   -80    1.8   -96   31.0   111    2.9   -89   12.2   -81  204.4   -30  303.5    20  141.9    19    1.0   -95    1.4   -89   10.0   -57

2013  23.1   -44   61.2    57   29.2   -43    1.2   -92   23.2    -9  244.4   274  220.8   -24  272.3     8   45.6   -62   12.3   -38    8.7   -34   15.8   -32

===============================================================================================================================================================
