                                                                  


District : SANGRUR



===============================================================================================================================================================
YEAR   JANUARY      FEBRUARY      MARCH        APRIL         MAY          JUNE         JULY        AUGUST     SEPTEMBER     OCTOBER      NOVEMBER     DECEMBER
---------------------------------------------------------------------------------------------------------------------------------------------------------------
       R/F %DEP.    R/F %DEP.    R/F %DEP.    R/F %DEP.    R/F %DEP.    R/F %DEP.    R/F %DEP.    R/F %DEP.    R/F %DEP.    R/F %DEP.    R/F %DEP.    R/F %DEP.
---------------------------------------------------------------------------------------------------------------------------------------------------------------

2009   1.8   -91    1.5   -92    2.8   -86    0.6   -95    2.6   -86    7.5   -83  226.9    26    7.5   -95   73.3   -29    0.0  -100    0.0  -100    0.0  -100

2010   0.0  -100   29.8    58    0.0  -100    1.3   -88    0.0  -100   14.6   -66  246.5    37   90.3   -42  114.3    10    0.0  -100    0.0  -100   19.0    35

2011   2.7   -85   46.8   142    6.5   -59    8.3   -20   13.8   -26  144.5   223   21.2   -87   66.3   -55  118.4    38    0.0  -100    0.0  -100    1.9   -85

2012   8.9   -51    0.0  -100    0.0  -100   22.8   119    0.0  -100   22.7   -49   23.8   -85   43.9   -70   85.0    -1    0.4   -98    0.0  -100    6.9   -47

2013   7.8   -57   50.3   161   17.6    11    0.6   -94    0.8   -96  115.4   158   18.1   -89   81.9   -44   14.1   -84    6.4   -69    1.6   -66   10.8   -16

===============================================================================================================================================================
