                                                                  


District : BARWANI




===============================================================================================================================================================
YEAR   JANUARY      FEBRUARY      MARCH        APRIL         MAY          JUNE         JULY        AUGUST     SEPTEMBER     OCTOBER      NOVEMBER     DECEMBER
---------------------------------------------------------------------------------------------------------------------------------------------------------------
       R/F %DEP.    R/F %DEP.    R/F %DEP.    R/F %DEP.    R/F %DEP.    R/F %DEP.    R/F %DEP.    R/F %DEP.    R/F %DEP.    R/F %DEP.    R/F %DEP.    R/F %DEP.
---------------------------------------------------------------------------------------------------------------------------------------------------------------

2009   1.0   -69    0.0  -100    0.0  -100    0.0  -100    0.0  -100   42.6   -62  147.6   -31   92.4   -54  167.5    14    8.4   -78   73.0   445   54.2  1222

2010   0.0  -100    0.0  -100    0.0  -100    0.0  -100    0.0  -100  140.2    26  241.5    13  248.8    23  116.7   -21   13.0   -65  107.8   704    0.0  -100

2011   0.0  -100    0.0  -100    0.0  -100    0.0  -100    0.0  -100   16.8   -84  176.6   -11  263.1    35  102.0   -26    0.0  -100    0.0  -100    0.0  -100

2012   0.0  -100    0.0  -100    0.0  -100    0.0  -100    0.0  -100   18.3   -83  190.4    -4  105.1   -46  156.1    14    5.2   -85    0.0  -100    0.0  -100

2013   0.0  -100    0.0  -100    0.0  -100    6.7   644    0.0  -100  159.5    51  275.1    39  227.8    17  233.6    70   33.1    -7    0.0  -100    0.0  -100

===============================================================================================================================================================
