                                                                  


District : BETUL




===============================================================================================================================================================
YEAR   JANUARY      FEBRUARY      MARCH        APRIL         MAY          JUNE         JULY        AUGUST     SEPTEMBER     OCTOBER      NOVEMBER     DECEMBER
---------------------------------------------------------------------------------------------------------------------------------------------------------------
       R/F %DEP.    R/F %DEP.    R/F %DEP.    R/F %DEP.    R/F %DEP.    R/F %DEP.    R/F %DEP.    R/F %DEP.    R/F %DEP.    R/F %DEP.    R/F %DEP.    R/F %DEP.
---------------------------------------------------------------------------------------------------------------------------------------------------------------

2009   0.2   -99    0.0  -100    0.4   -96    0.4   -93    0.3   -96   78.1   -42  512.0    62  134.9   -56  125.3   -35   71.2    50  119.0   504   25.1   182

2010   3.6   -76   15.5     1    6.8   -35    0.0  -100    0.4   -95  118.0   -13  317.1     0  343.0    12  179.4    -7   46.6    -2   81.6   314    0.1   -99

2011   0.0  -100    7.1   -16    7.8   -16    2.6   -56    3.2   -50  214.5    57  233.2   -20  241.0   -18  133.8   -32    0.0  -100    0.0  -100    0.0  -100

2012  30.8   311    0.0  -100    0.0  -100    0.0  -100    1.8   -72  175.2    28  437.8    51  487.7    66  407.2   106   24.9   -50    0.0  -100    0.0  -100

2013  11.0    47   21.2   149    3.9   -58    0.6   -90    0.0  -100  276.9   102  537.8    85  644.1   120   95.9   -51   92.6    88    0.0  -100    0.0  -100

===============================================================================================================================================================
