                                                                  


District : BHIND




===============================================================================================================================================================
YEAR   JANUARY      FEBRUARY      MARCH        APRIL         MAY          JUNE         JULY        AUGUST     SEPTEMBER     OCTOBER      NOVEMBER     DECEMBER
---------------------------------------------------------------------------------------------------------------------------------------------------------------
       R/F %DEP.    R/F %DEP.    R/F %DEP.    R/F %DEP.    R/F %DEP.    R/F %DEP.    R/F %DEP.    R/F %DEP.    R/F %DEP.    R/F %DEP.    R/F %DEP.    R/F %DEP.
---------------------------------------------------------------------------------------------------------------------------------------------------------------

2009   0.0  -100    0.0  -100    0.0  -100    0.0  -100    0.0  -100    1.0   -98  112.3   -51  167.0   -35   92.8   -36  135.0   284    6.1    85   10.8   112

2010   0.0  -100    0.0  -100    0.0  -100    0.0  -100    0.0  -100   21.4   -59  316.7    39  184.1   -28  272.8    87    0.5   -99   48.1  1358    5.8    14

2011   0.0  -100    4.4   -38    0.5   -88   11.6   792    0.0  -100  154.1   177  239.4     8  221.6   -15  195.4    33    0.0  -100    0.0  -100    0.0  -100

2012  27.9   168    0.0  -100    0.0  -100    0.0  -100    0.0  -100    0.0  -100  308.6    39  272.7     4  120.9   -18    0.0  -100    0.0  -100    0.0  -100

2013   0.0  -100   45.5   541    0.0  -100    0.8   -38    0.0  -100  276.2   397  220.0    -1  444.3    70    9.5   -94  106.7   170    0.0  -100    0.0  -100

===============================================================================================================================================================
