                                                                  


District : BHOPAL




===============================================================================================================================================================
YEAR   JANUARY      FEBRUARY      MARCH        APRIL         MAY          JUNE         JULY        AUGUST     SEPTEMBER     OCTOBER      NOVEMBER     DECEMBER
---------------------------------------------------------------------------------------------------------------------------------------------------------------
       R/F %DEP.    R/F %DEP.    R/F %DEP.    R/F %DEP.    R/F %DEP.    R/F %DEP.    R/F %DEP.    R/F %DEP.    R/F %DEP.    R/F %DEP.    R/F %DEP.    R/F %DEP.
---------------------------------------------------------------------------------------------------------------------------------------------------------------

2009  36.3   119    0.0  -100    0.0  -100    2.6    18    0.0  -100  111.9    -3  528.3    48  110.6   -68  130.2   -34  143.1   366  104.0   872   36.2   258

2010  12.4   -25    8.2     6    3.6   -51    0.0  -100    0.2   -98   76.7   -34  244.9   -31  200.0   -41   76.3   -62   46.0    50  113.4   960    4.4   -56

2011   0.0  -100    1.4   -80    1.8   -72    2.0   -20    0.3   -97  275.7   147  306.6    -9  348.9    -2  238.0    24    0.0  -100    0.0  -100    0.0  -100

2012   0.0  -100    0.0  -100    0.0  -100    2.5     0    6.7   -31   94.9   -15  360.0     6  615.0    73   61.2   -68    0.0  -100    0.0  -100    0.0  -100

2013   0.0  -100   24.8   254   21.4   229   38.8  1452    0.0  -100  459.5   311  429.1    27  332.8    -6   42.0   -78   26.2   -22    0.0  -100    0.0  -100

===============================================================================================================================================================
