                                                                  


District : CHHATARPUR




===============================================================================================================================================================
YEAR   JANUARY      FEBRUARY      MARCH        APRIL         MAY          JUNE         JULY        AUGUST     SEPTEMBER     OCTOBER      NOVEMBER     DECEMBER
---------------------------------------------------------------------------------------------------------------------------------------------------------------
       R/F %DEP.    R/F %DEP.    R/F %DEP.    R/F %DEP.    R/F %DEP.    R/F %DEP.    R/F %DEP.    R/F %DEP.    R/F %DEP.    R/F %DEP.    R/F %DEP.    R/F %DEP.
---------------------------------------------------------------------------------------------------------------------------------------------------------------

2009  12.0   -51    0.6   -95    0.6   -92    1.2   -59    7.4    76   29.0   -68  231.6   -31  169.6   -54  130.0   -31  159.8   326   61.0   380    7.0   -11

2010   1.2   -95   10.7   -17   12.8    71    0.8   -72    4.6    10   18.2   -80  374.4    11  292.0   -20  133.5   -30   46.4    24   21.0    65    0.2   -97

2011   0.1   -99    2.7   -79    0.0  -100    0.0  -100    1.0   -81  322.0   239  286.6   -10  223.5   -40  242.2    19    0.0  -100    0.0  -100    0.0  -100

2012  21.5    22    0.6   -95    0.0  -100    2.5   -19    0.6   -89   12.7   -87  251.0   -21  424.5    15  122.2   -40    0.0  -100    0.0  -100    0.0  -100

2013   0.0  -100   63.6   405    1.7   -72    0.0  -100    1.6   -70  318.1   235  338.0     7  584.2    58   33.2   -84  157.4   360    0.6   -93    4.0   -52

===============================================================================================================================================================
