                                                                  


District : CHINDWARA




===============================================================================================================================================================
YEAR   JANUARY      FEBRUARY      MARCH        APRIL         MAY          JUNE         JULY        AUGUST     SEPTEMBER     OCTOBER      NOVEMBER     DECEMBER
---------------------------------------------------------------------------------------------------------------------------------------------------------------
       R/F %DEP.    R/F %DEP.    R/F %DEP.    R/F %DEP.    R/F %DEP.    R/F %DEP.    R/F %DEP.    R/F %DEP.    R/F %DEP.    R/F %DEP.    R/F %DEP.    R/F %DEP.
---------------------------------------------------------------------------------------------------------------------------------------------------------------

2009   0.0  -100    0.0  -100    0.0  -100    0.0  -100    0.0  -100   45.8   -73  725.2   106   91.0   -73  247.4    22   52.9     7   97.3   493   29.1   223

2010   0.0  -100    0.0  -100    0.0  -100    0.0  -100    0.0  -100  160.3    -7  329.7    -7  382.3    12  196.3    -3    8.2   -83   56.7   246    0.0  -100

2011   0.0  -100    0.0  -100    0.0  -100    0.0  -100    0.0  -100  176.9    21  510.1    80  233.7   -16  179.0     3    0.0  -100    0.0  -100    0.0  -100

2012  68.3   290    0.0  -100    0.0  -100    0.0  -100    0.7   -92  122.1   -17  292.0     3  327.0    18  248.3    42   20.3   -53    0.0  -100    0.0  -100

2013   3.1   -82   25.2    71    0.0  -100    3.5   -56    0.0  -100  291.9    99  406.0    43  403.9    45  113.6   -35  160.8   270    0.0  -100    0.0  -100

===============================================================================================================================================================
