                                                                  


District : DAMOH




===============================================================================================================================================================
YEAR   JANUARY      FEBRUARY      MARCH        APRIL         MAY          JUNE         JULY        AUGUST     SEPTEMBER     OCTOBER      NOVEMBER     DECEMBER
---------------------------------------------------------------------------------------------------------------------------------------------------------------
       R/F %DEP.    R/F %DEP.    R/F %DEP.    R/F %DEP.    R/F %DEP.    R/F %DEP.    R/F %DEP.    R/F %DEP.    R/F %DEP.    R/F %DEP.    R/F %DEP.    R/F %DEP.
---------------------------------------------------------------------------------------------------------------------------------------------------------------

2009  25.1    12    0.0  -100    0.0  -100   11.0   150    5.6    10   19.0   -86  230.0   -37  153.1   -59  192.6     0   46.9    56  101.1   709    8.7    61

2010   0.0  -100    2.0   -85    0.0  -100    0.0  -100    0.0  -100   10.3   -92  498.8    36  316.3   -15  199.8     3    0.0  -100    0.0  -100    0.9   -83

2011   0.0  -100    1.8   -89    0.0  -100    8.6    54    1.8   -66  469.0   286  336.0    -7  246.5   -38  285.6    50    0.0  -100    0.0  -100    0.0  -100

2012  39.2    94    0.0  -100    0.7   -94    4.2   -25    0.5   -91   80.9   -33  546.6    52  293.6   -26  130.9   -31    1.0   -97    0.0  -100    0.0  -100

2013   0.0  -100   31.8    93   12.8    17    1.6   -71    1.0   -81  474.5   290  471.5    31  654.2    64   50.3   -74   89.4   174    6.7   -27    0.0  -100

===============================================================================================================================================================
