                                                                  


District : DATIA




===============================================================================================================================================================
YEAR   JANUARY      FEBRUARY      MARCH        APRIL         MAY          JUNE         JULY        AUGUST     SEPTEMBER     OCTOBER      NOVEMBER     DECEMBER
---------------------------------------------------------------------------------------------------------------------------------------------------------------
       R/F %DEP.    R/F %DEP.    R/F %DEP.    R/F %DEP.    R/F %DEP.    R/F %DEP.    R/F %DEP.    R/F %DEP.    R/F %DEP.    R/F %DEP.    R/F %DEP.    R/F %DEP.
---------------------------------------------------------------------------------------------------------------------------------------------------------------

2009   0.0  -100    0.9   -91    0.5   -92    0.7   -79    0.4   -94   27.9   -54  219.4   -14  248.5    -9  123.1   -31   20.7   -44    3.0   -49    9.7    87

2010   6.0   -45   16.6    68    0.0  -100    2.2   -35    1.4   -80   25.3   -58  224.0   -12  205.1   -25  232.9    30    0.0  -100   64.7   997    6.9    33

2011   0.0  -100    6.3   -26    0.0  -100    0.0  -100    6.0    -9  193.0   210  215.3   -12  160.1   -45  171.0    -2    0.0  -100    0.0  -100    0.0  -100

2012  16.7    84    0.0  -100    0.0  -100    8.2   141    0.0  -100    2.1   -97  438.4    78  367.6    25   71.5   -59    0.0  -100    0.0  -100    0.0  -100

2013   2.1   -77   93.4   999    2.7   -46    5.5    62    1.3   -80  114.5    84  261.4     6  555.8    90   45.8   -74   80.2   102    0.0  -100    3.3   -58

===============================================================================================================================================================
