                                                                  


District : DEWAS




===============================================================================================================================================================
YEAR   JANUARY      FEBRUARY      MARCH        APRIL         MAY          JUNE         JULY        AUGUST     SEPTEMBER     OCTOBER      NOVEMBER     DECEMBER
---------------------------------------------------------------------------------------------------------------------------------------------------------------
       R/F %DEP.    R/F %DEP.    R/F %DEP.    R/F %DEP.    R/F %DEP.    R/F %DEP.    R/F %DEP.    R/F %DEP.    R/F %DEP.    R/F %DEP.    R/F %DEP.    R/F %DEP.
---------------------------------------------------------------------------------------------------------------------------------------------------------------

2009   0.0  -100    0.0  -100    0.0  -100    0.0  -100    0.0  -100   60.3   -55  365.2     8  156.4   -52   79.3   -57   98.7   197   19.8    24    0.0  -100

2010   0.0  -100    0.0  -100    0.0  -100    0.0  -100    0.0  -100   41.4   -69  201.6   -40  402.5    22  132.0   -28   12.7   -62    0.0  -100    0.0  -100

2011   0.0  -100    0.0  -100    0.0  -100    0.0  -100    0.0  -100  127.9     0  346.4    11  409.5    24  188.4     5    0.0  -100    0.0  -100    0.0  -100

2012   0.0  -100    0.0  -100    0.0  -100    0.2   -85    2.0   -68    5.8   -95  629.1   102  228.2   -31  337.2    88    0.0  -100    0.0  -100    0.0  -100

2013   0.0  -100   31.7   693    3.2   -16    0.0  -100    0.0  -100  271.7   112  492.6    58  462.2    40  107.0   -40   44.7    30    0.0  -100    0.2   -98

===============================================================================================================================================================
