                                                                  


District : DINDORI




===============================================================================================================================================================
YEAR   JANUARY      FEBRUARY      MARCH        APRIL         MAY          JUNE         JULY        AUGUST     SEPTEMBER     OCTOBER      NOVEMBER     DECEMBER
---------------------------------------------------------------------------------------------------------------------------------------------------------------
       R/F %DEP.    R/F %DEP.    R/F %DEP.    R/F %DEP.    R/F %DEP.    R/F %DEP.    R/F %DEP.    R/F %DEP.    R/F %DEP.    R/F %DEP.    R/F %DEP.    R/F %DEP.
---------------------------------------------------------------------------------------------------------------------------------------------------------------

2009  40.6    61    0.0  -100    0.0  -100   13.2    52    1.2   -88   28.5   -87  189.2   -53  156.8   -62  105.7   -48   24.1   -34   45.2   274    0.8   -93

2010   0.0  -100   10.6   -58    2.0   -89    0.0  -100   23.9   141   39.0   -82  389.9    -4  333.6   -19  217.9     8   13.0   -64   18.5    53    0.0  -100

2011   0.0  -100    0.5   -97    5.0   -64   33.8   576   21.0   131  436.8   122  218.0   -47  453.6    12  250.1    30    0.8   -98    0.0  -100    0.0  -100

2012 101.1   416    0.0  -100    0.0  -100    0.0  -100    2.0   -78   81.6   -59  427.1     3  276.5   -31  259.2    35   16.2   -56   27.2   169    0.0  -100

2013   0.0  -100   47.2   143    1.2   -91   10.0   100    0.5   -95  316.9    61  344.1   -17  363.9   -10   81.4   -58   63.9    72    0.0  -100    0.0  -100

===============================================================================================================================================================
