                                                                  


District : GUNA




===============================================================================================================================================================
YEAR   JANUARY      FEBRUARY      MARCH        APRIL         MAY          JUNE         JULY        AUGUST     SEPTEMBER     OCTOBER      NOVEMBER     DECEMBER
---------------------------------------------------------------------------------------------------------------------------------------------------------------
       R/F %DEP.    R/F %DEP.    R/F %DEP.    R/F %DEP.    R/F %DEP.    R/F %DEP.    R/F %DEP.    R/F %DEP.    R/F %DEP.    R/F %DEP.    R/F %DEP.    R/F %DEP.
---------------------------------------------------------------------------------------------------------------------------------------------------------------

2009   1.1   -94    0.0  -100    0.1   -99    1.9   -24    2.2   -68   65.1   -35  191.9   -43  214.6   -40  104.2   -38   35.5    34   48.5   232   12.2    36

2010   2.2   -87    7.3   -23    0.0  -100    0.0  -100    0.1   -99   66.9   -37  346.5     0  216.0   -41   92.6   -46   22.7   -11   45.1   229    3.6   -58

2011   0.0  -100    0.2   -97    0.0  -100    0.0  -100    1.5   -83  622.7   613  470.5    40  422.3    19  159.7    -2    0.0  -100    0.0  -100    0.0  -100

2012  12.8     6    0.0  -100    0.0  -100    3.5    30    2.6   -70   28.8   -67  289.2   -14  330.8    -7   91.8   -44    0.0  -100    0.0  -100    0.0  -100

2013   1.6   -87   66.0   830   21.4   240   10.1   274    0.0  -100  299.4   243  679.5   102  497.1    40   36.3   -78   55.6    94    3.9   -63    7.6   -18

===============================================================================================================================================================
