                                                                  


District : GWALIOR




===============================================================================================================================================================
YEAR   JANUARY      FEBRUARY      MARCH        APRIL         MAY          JUNE         JULY        AUGUST     SEPTEMBER     OCTOBER      NOVEMBER     DECEMBER
---------------------------------------------------------------------------------------------------------------------------------------------------------------
       R/F %DEP.    R/F %DEP.    R/F %DEP.    R/F %DEP.    R/F %DEP.    R/F %DEP.    R/F %DEP.    R/F %DEP.    R/F %DEP.    R/F %DEP.    R/F %DEP.    R/F %DEP.
---------------------------------------------------------------------------------------------------------------------------------------------------------------

2009   0.4   -97    0.2   -98    4.2   -34    1.1   -76    3.9   -72    8.4   -88  167.7   -36  111.5   -60   89.1   -49   93.2   176   25.6   365   11.3   109

2010   0.3   -98   10.3    17    0.0  -100    0.0  -100    4.4   -68   74.5     9  169.4   -36  304.0     9  276.0    59    0.0  -100   78.2  1322    4.2   -22

2011   0.0  -100    4.3   -50    0.0  -100    3.8     3   10.5    28  196.5   174  278.2     8  174.3   -40  113.0   -34    0.0  -100    0.0  -100    0.0  -100

2012  28.5    97    0.0  -100    0.0  -100    3.7     0    5.2   -37   34.0   -53  317.4    23  349.0    20  112.9   -34    0.0  -100    0.0  -100    0.0  -100

2013   7.7   -47   69.7   710    0.5   -91    2.8   -24    0.5   -94  193.3   169  226.7   -12  397.3    37   24.9   -85   81.3    96    2.0   -61   20.7   152

===============================================================================================================================================================
