                                                                  


District : HARDA




===============================================================================================================================================================
YEAR   JANUARY      FEBRUARY      MARCH        APRIL         MAY          JUNE         JULY        AUGUST     SEPTEMBER     OCTOBER      NOVEMBER     DECEMBER
---------------------------------------------------------------------------------------------------------------------------------------------------------------
       R/F %DEP.    R/F %DEP.    R/F %DEP.    R/F %DEP.    R/F %DEP.    R/F %DEP.    R/F %DEP.    R/F %DEP.    R/F %DEP.    R/F %DEP.    R/F %DEP.    R/F %DEP.
---------------------------------------------------------------------------------------------------------------------------------------------------------------

2009   0.0  -100    0.0  -100    0.0  -100    0.0  -100    0.0  -100   55.2   -57  683.4    60  153.1   -65  107.1   -62   72.4    75   51.9   166   10.3    58

2010   0.0  -100    8.8    38    0.0  -100    0.0  -100    0.0  -100   37.0   -71  404.9    -5  313.7   -29  157.8   -44   34.5   -17   25.2    29    0.0  -100

2011   0.0  -100    0.0  -100    0.0  -100    0.9     0   11.0    72  203.3    84  197.8   -42  464.2    22  167.4   -21    0.0  -100    0.0  -100    0.0  -100

2012   1.1   -88    0.0  -100    0.0  -100    0.0  -100    0.0  -100   74.5   -32  867.4   155  388.7     2  251.6    19    6.6   -82    0.0  -100    0.0  -100

2013   6.8   -24   49.5   698    0.1   -97    0.3   -67    0.0  -100  298.2   170  715.9   110  538.8    42  140.3   -34   87.7   137    0.0  -100    0.0  -100

===============================================================================================================================================================
