                                                                  


District : HOSHANGABAD




===============================================================================================================================================================
YEAR   JANUARY      FEBRUARY      MARCH        APRIL         MAY          JUNE         JULY        AUGUST     SEPTEMBER     OCTOBER      NOVEMBER     DECEMBER
---------------------------------------------------------------------------------------------------------------------------------------------------------------
       R/F %DEP.    R/F %DEP.    R/F %DEP.    R/F %DEP.    R/F %DEP.    R/F %DEP.    R/F %DEP.    R/F %DEP.    R/F %DEP.    R/F %DEP.    R/F %DEP.    R/F %DEP.
---------------------------------------------------------------------------------------------------------------------------------------------------------------

2009  16.2    -4    0.0  -100    0.0  -100    2.2   -12   29.4   220   68.7   -53  608.3    36  291.5   -37  377.5    43   73.3    90   70.1   344   37.5   279

2010   0.0  -100   11.0     3    5.6   -37    0.0  -100    0.4   -96   51.3   -65  323.9   -28  441.2    -5  201.1   -24   10.1   -74   38.5   144    0.0  -100

2011   0.0  -100    4.9   -41    0.6   -93    1.7   -47    7.0   -14  321.3   129  336.4   -19  439.8    -5  229.1   -14    0.0  -100    0.0  -100    0.0  -100

2012  15.9    35    8.3     0    0.0  -100    0.6   -81   13.1    62  110.9   -21  647.2    55  677.5    46  242.3   -10   16.5   -56    0.0  -100    0.0  -100

2013   6.8   -42   60.4   628   26.9   196    4.2    31    0.0  -100  377.1   169  729.9    75  756.1    63   82.9   -69   58.5    56    0.0  -100    0.0  -100

===============================================================================================================================================================
