                                                                  


District : INDORE




===============================================================================================================================================================
YEAR   JANUARY      FEBRUARY      MARCH        APRIL         MAY          JUNE         JULY        AUGUST     SEPTEMBER     OCTOBER      NOVEMBER     DECEMBER
---------------------------------------------------------------------------------------------------------------------------------------------------------------
       R/F %DEP.    R/F %DEP.    R/F %DEP.    R/F %DEP.    R/F %DEP.    R/F %DEP.    R/F %DEP.    R/F %DEP.    R/F %DEP.    R/F %DEP.    R/F %DEP.    R/F %DEP.
---------------------------------------------------------------------------------------------------------------------------------------------------------------

2009   0.3   -95    0.0  -100   14.9   610    0.0  -100   12.0    40   92.0   -17  417.4    48  110.0   -61  124.5   -34   61.1    62  111.6   568   21.3   310

2010   5.0   -14    2.2    16    0.1   -96    0.0  -100    1.1   -88   56.4   -51  192.8   -31  376.1    36  228.0    20   18.0   -56   79.1   352    0.0  -100

2011   0.0  -100    0.0  -100    0.0  -100    0.0  -100    0.3   -96   71.2   -41  315.9    17  473.9    78  152.0   -16    2.5   -93    0.0  -100    0.0  -100

2012   0.0  -100    0.0  -100    0.0  -100    0.2   -83    8.9     7   22.6   -81  434.7    60  238.3   -11  309.4    70    1.9   -95    0.0  -100    0.0  -100

2013   0.0  -100   11.2   387    8.9   394    6.8   467    4.1   -51  340.8   183  561.6   107  380.9    43  184.5     2  117.6   207    0.0  -100    2.7   -53

===============================================================================================================================================================
