                                                                  


District : JABALPUR




===============================================================================================================================================================
YEAR   JANUARY      FEBRUARY      MARCH        APRIL         MAY          JUNE         JULY        AUGUST     SEPTEMBER     OCTOBER      NOVEMBER     DECEMBER
---------------------------------------------------------------------------------------------------------------------------------------------------------------
       R/F %DEP.    R/F %DEP.    R/F %DEP.    R/F %DEP.    R/F %DEP.    R/F %DEP.    R/F %DEP.    R/F %DEP.    R/F %DEP.    R/F %DEP.    R/F %DEP.    R/F %DEP.
---------------------------------------------------------------------------------------------------------------------------------------------------------------

2009  23.3    -6    0.0  -100    1.1   -91    0.2   -95    4.1   -39   32.5   -74  384.1    -1  234.9   -42  291.3    49   36.6    18   90.1   742   23.8   194

2010   6.6   -73    0.4   -97    1.5   -87    0.0  -100    0.4   -94   89.1   -30  419.8     8  363.2   -10  482.0   146   31.2     0    0.5   -95    3.7   -54

2011   0.0  -100    4.9   -57    0.0  -100    1.8   -51   23.5   209  281.0   126  496.5    40  306.2   -26  258.5    30    0.5   -98    0.0  -100    0.0  -100

2012  41.6   129    0.0  -100    0.8   -93    0.0  -100    0.3   -96  137.0    10  533.7    50  436.6     6  121.9   -39    7.9   -76    0.6   -92    3.3   -63

2013   0.0  -100   69.1   506   22.6    98   24.6   565    0.0  -100  446.9   259  572.4    61  797.1    94   93.1   -53   83.9   155    0.0  -100    0.0  -100

===============================================================================================================================================================
