                                                                  


District : JHABUA




===============================================================================================================================================================
YEAR   JANUARY      FEBRUARY      MARCH        APRIL         MAY          JUNE         JULY        AUGUST     SEPTEMBER     OCTOBER      NOVEMBER     DECEMBER
---------------------------------------------------------------------------------------------------------------------------------------------------------------
       R/F %DEP.    R/F %DEP.    R/F %DEP.    R/F %DEP.    R/F %DEP.    R/F %DEP.    R/F %DEP.    R/F %DEP.    R/F %DEP.    R/F %DEP.    R/F %DEP.    R/F %DEP.
---------------------------------------------------------------------------------------------------------------------------------------------------------------

2009   0.0  -100    0.0  -100    0.0  -100    0.0  -100    0.0  -100   23.0   -78  302.5    24  129.6   -53  107.9   -37   40.2    30   17.2    30    2.2   -29

2010   0.0  -100    0.0  -100    0.0  -100    0.0  -100    0.0  -100   44.0   -58  169.9   -30  273.7     0  117.7   -31    0.0  -100   34.5   161    0.0  -100

2011   0.0  -100    0.0  -100    0.0  -100    0.0  -100    0.0  -100   52.6   -51  266.7    11  491.6    98  115.7   -22    0.0  -100    0.0  -100    0.0  -100

2012   0.0  -100    0.0  -100    0.0  -100    0.0  -100    0.0  -100    4.1   -96  297.8    24  390.0    57  322.1   117    0.0  -100    0.0  -100    0.0  -100

2013   0.0  -100    0.0  -100    0.0  -100    0.0  -100    0.0  -100  184.5    71  543.4   126  298.2    20  168.4    14   98.4   152    0.0  -100    0.0  -100

===============================================================================================================================================================
