                                                                  


District : KHANDWA




===============================================================================================================================================================
YEAR   JANUARY      FEBRUARY      MARCH        APRIL         MAY          JUNE         JULY        AUGUST     SEPTEMBER     OCTOBER      NOVEMBER     DECEMBER
---------------------------------------------------------------------------------------------------------------------------------------------------------------
       R/F %DEP.    R/F %DEP.    R/F %DEP.    R/F %DEP.    R/F %DEP.    R/F %DEP.    R/F %DEP.    R/F %DEP.    R/F %DEP.    R/F %DEP.    R/F %DEP.    R/F %DEP.
---------------------------------------------------------------------------------------------------------------------------------------------------------------

2009   3.0   -59    0.0  -100    0.0  -100    0.3   -79    2.7   -75   66.9   -50  277.9     3   75.8   -73   57.4   -67    6.6   -81   59.0   226    2.1   -79

2010   0.0  -100    0.0  -100    0.0  -100    0.0  -100    0.0  -100   63.4   -50  354.2    20  308.0     5   96.3   -46    1.7   -95   86.0   378    0.0  -100

2011   0.0  -100    0.0  -100    0.0  -100    1.0   -50    0.0  -100  154.0    23  371.1    38  324.9    16  211.1    18    0.0  -100    0.0  -100    0.0  -100

2012   0.0  -100    0.0  -100    0.0  -100    0.3   -85    0.0  -100   48.2   -62  554.5   107  208.8   -25  330.7    85   17.0   -52    0.0  -100    0.0  -100

2013   0.7   -90   19.7   380    0.3   -95    0.3   -85    0.0  -100  413.6   230  384.2    43  402.1    44  201.0    13   33.8    -5    0.0  -100    0.7   -93

===============================================================================================================================================================
