                                                                  


District : KHARGONE




===============================================================================================================================================================
YEAR   JANUARY      FEBRUARY      MARCH        APRIL         MAY          JUNE         JULY        AUGUST     SEPTEMBER     OCTOBER      NOVEMBER     DECEMBER
---------------------------------------------------------------------------------------------------------------------------------------------------------------
       R/F %DEP.    R/F %DEP.    R/F %DEP.    R/F %DEP.    R/F %DEP.    R/F %DEP.    R/F %DEP.    R/F %DEP.    R/F %DEP.    R/F %DEP.    R/F %DEP.    R/F %DEP.
---------------------------------------------------------------------------------------------------------------------------------------------------------------

2009   0.0  -100    0.0  -100    0.0  -100    0.0  -100    6.0   -21   47.9   -61  361.5    56   88.1   -63  117.5   -28   31.9     5   33.3   140   16.4   125

2010   0.0  -100    0.0  -100    0.0  -100    0.0  -100    0.0  -100   47.5   -61  180.4   -22  314.7    33  138.1   -16   14.5   -52   55.0   296    0.0  -100

2011   0.0  -100    0.0  -100    0.0  -100    0.0  -100    0.0  -100   55.2   -58  245.3     7  366.4    54   92.9   -42    0.0  -100    0.0  -100    0.0  -100

2012   0.0  -100    0.0  -100    0.0  -100    0.0  -100    1.1   -85   14.3   -89  339.7    48  147.2   -38  236.7    47    0.0  -100    0.0  -100    0.0  -100

2013   0.0  -100   18.1   546    0.0  -100    0.0  -100    0.0  -100  198.9    51  357.1    56  295.3    24  110.8   -31   52.8    68    0.0  -100    0.0  -100

===============================================================================================================================================================
