                                                                  


District : MANDLA




===============================================================================================================================================================
YEAR   JANUARY      FEBRUARY      MARCH        APRIL         MAY          JUNE         JULY        AUGUST     SEPTEMBER     OCTOBER      NOVEMBER     DECEMBER
---------------------------------------------------------------------------------------------------------------------------------------------------------------
       R/F %DEP.    R/F %DEP.    R/F %DEP.    R/F %DEP.    R/F %DEP.    R/F %DEP.    R/F %DEP.    R/F %DEP.    R/F %DEP.    R/F %DEP.    R/F %DEP.    R/F %DEP.
---------------------------------------------------------------------------------------------------------------------------------------------------------------

2009  12.2   -58    0.0  -100    0.1  -100    0.0  -100    0.0  -100   19.0   -89  393.3   -13  246.7   -45  141.4   -34   24.2   -38  117.8  1033    4.6   -62

2010   0.0  -100   13.9   -46    0.3   -99    3.5   -66    6.9    -8  113.8   -34  539.4    20  361.3   -20  426.0    98   23.3   -41    2.1   -80    0.0  -100

2011   0.0  -100    2.7   -88    6.3   -72   16.4    71    0.3   -96  285.7    82  419.3    -3  443.7     0  317.0    48    8.1   -80    0.0  -100    0.0  -100

2012  80.1   224    6.5   -71    0.0  -100    0.0  -100    0.0  -100   93.7   -40  654.1    51  371.0   -16  153.1   -28   17.1   -58   10.8    20    1.5   -90

2013   7.5   -70   40.8    81   32.9    44   21.7   126    0.4   -95  355.8   126  586.3    36  599.3    35   53.6   -75  129.8   221    0.0  -100    0.0  -100

===============================================================================================================================================================
