                                                                  


District : MANDSAUR




===============================================================================================================================================================
YEAR   JANUARY      FEBRUARY      MARCH        APRIL         MAY          JUNE         JULY        AUGUST     SEPTEMBER     OCTOBER      NOVEMBER     DECEMBER
---------------------------------------------------------------------------------------------------------------------------------------------------------------
       R/F %DEP.    R/F %DEP.    R/F %DEP.    R/F %DEP.    R/F %DEP.    R/F %DEP.    R/F %DEP.    R/F %DEP.    R/F %DEP.    R/F %DEP.    R/F %DEP.    R/F %DEP.
---------------------------------------------------------------------------------------------------------------------------------------------------------------

2009   0.0  -100    0.0  -100    0.0  -100    0.0  -100    0.0  -100   36.7   -59  374.3    37  158.8   -47   92.8   -40   41.1    32   18.1    32    3.8    19

2010   0.0  -100    1.3   -35    0.0  -100    0.0  -100    0.0  -100   50.0   -44  288.2     5  211.2   -29   67.5   -56    0.2   -99   58.0   323    0.4   -88

2011   0.0  -100    0.0  -100    0.0  -100    0.0  -100    0.0  -100  256.0   213  295.8     7  322.9    17  177.7    23    0.0  -100    0.0  -100    0.0  -100

2012   0.0  -100    0.0  -100    0.0  -100    0.2   -95    4.0    11    5.3   -94  338.7    22  412.2    49  144.0     0    0.0  -100    0.0  -100    0.0  -100

2013   0.0  -100   18.2   911    7.3    92    0.0  -100    0.0  -100  140.3    72  556.9   101  278.8     1   74.8   -48   34.3    -4    0.0  -100    0.0  -100

===============================================================================================================================================================
