                                                                  


District : MORENA




===============================================================================================================================================================
YEAR   JANUARY      FEBRUARY      MARCH        APRIL         MAY          JUNE         JULY        AUGUST     SEPTEMBER     OCTOBER      NOVEMBER     DECEMBER
---------------------------------------------------------------------------------------------------------------------------------------------------------------
       R/F %DEP.    R/F %DEP.    R/F %DEP.    R/F %DEP.    R/F %DEP.    R/F %DEP.    R/F %DEP.    R/F %DEP.    R/F %DEP.    R/F %DEP.    R/F %DEP.    R/F %DEP.
---------------------------------------------------------------------------------------------------------------------------------------------------------------

2009   0.0  -100    0.0  -100    0.0  -100    0.0  -100    0.0  -100   13.5   -75  100.2   -59  274.4     3  113.8   -12  132.5   494   22.2   640    3.9   -11

2010   0.0  -100    0.0  -100    0.0  -100    0.0  -100    0.0  -100   43.5   -18  224.8    -7  309.2    16  195.3    52    0.0  -100   25.5   750    3.0   -32

2011   0.0  -100    0.0  -100    0.0  -100    0.1   -96    6.5     0  151.9   188  217.3    -8  184.9   -35  151.4    12    0.0  -100    0.0  -100    0.0  -100

2012  16.0    37    0.0  -100    0.0  -100    0.3   -88    2.0   -69    0.5   -99  340.6    44  386.3    36   93.2   -31    0.0  -100    0.0  -100    0.0  -100

2013   0.0  -100   26.3   251    0.0  -100    0.0  -100    0.0  -100  107.3   104  303.3    29  499.0    76   42.8   -68   75.8   194    0.0  -100    0.0  -100

===============================================================================================================================================================
