                                                                  


District : NARSINGHPUR




===============================================================================================================================================================
YEAR   JANUARY      FEBRUARY      MARCH        APRIL         MAY          JUNE         JULY        AUGUST     SEPTEMBER     OCTOBER      NOVEMBER     DECEMBER
---------------------------------------------------------------------------------------------------------------------------------------------------------------
       R/F %DEP.    R/F %DEP.    R/F %DEP.    R/F %DEP.    R/F %DEP.    R/F %DEP.    R/F %DEP.    R/F %DEP.    R/F %DEP.    R/F %DEP.    R/F %DEP.    R/F %DEP.
---------------------------------------------------------------------------------------------------------------------------------------------------------------

2009   0.7   -96    0.0  -100    0.0  -100    0.2   -90    5.3    -2   30.9   -77  352.2    -6  209.7   -48  550.8   139   13.2   -63   52.7   366   15.2   103

2010   1.4   -91    0.0  -100    0.0  -100    0.0  -100    0.0  -100   77.8   -42  270.0   -28  249.8   -38  174.8   -24    7.6   -79    1.7   -85    2.4   -68

2011   0.0  -100    6.8   -36    0.0  -100    1.8   -10    7.0    17  275.7   144  413.5    17  246.1   -36  120.8   -44    0.0  -100    0.0  -100    0.0  -100

2012  23.4   117    0.0  -100    0.0  -100    0.0  -100    3.0   -50   48.5   -57  415.0    17  431.4    13  105.4   -51   12.8   -57    0.0  -100    0.0  -100

2013   0.0  -100   40.3   280    4.2   -28    2.3    15    0.0  -100  460.8   307  561.9    59  528.1    38   34.2   -84  189.2   531    0.0  -100    0.0  -100

===============================================================================================================================================================
