                                                                  


District : NEEMUCH




===============================================================================================================================================================
YEAR   JANUARY      FEBRUARY      MARCH        APRIL         MAY          JUNE         JULY        AUGUST     SEPTEMBER     OCTOBER      NOVEMBER     DECEMBER
---------------------------------------------------------------------------------------------------------------------------------------------------------------
       R/F %DEP.    R/F %DEP.    R/F %DEP.    R/F %DEP.    R/F %DEP.    R/F %DEP.    R/F %DEP.    R/F %DEP.    R/F %DEP.    R/F %DEP.    R/F %DEP.    R/F %DEP.
---------------------------------------------------------------------------------------------------------------------------------------------------------------

2009   0.0  -100    0.0  -100    0.0  -100    0.0  -100    8.0    29   25.4   -72  336.4    19  169.0   -39  110.2   -22   12.5   -53   16.1    26    4.1    28

2010   0.0  -100    0.0  -100    0.0  -100    0.0  -100    0.0  -100   31.8   -64  317.7    13  343.0    24   97.5   -31    2.2   -92   29.5   130    0.0  -100

2011   0.0  -100    0.0  -100    0.0  -100    0.0  -100    0.0  -100  131.8    55  219.8   -17  564.2   118  187.9    35    0.0  -100    0.0  -100    0.0  -100

2012   0.0  -100    0.0  -100    0.0  -100    0.0  -100    2.5   -59    1.5   -98  195.3   -26  432.1    67  167.7    21    0.0  -100    0.0  -100    0.0  -100

2013   0.0  -100   16.8   500    1.7   -54    0.0  -100    0.0  -100  219.3   157  500.5    89  299.9    16  108.1   -22  148.5   376    0.0  -100    0.0  -100

===============================================================================================================================================================
