                                                                  


District : PANNA




===============================================================================================================================================================
YEAR   JANUARY      FEBRUARY      MARCH        APRIL         MAY          JUNE         JULY        AUGUST     SEPTEMBER     OCTOBER      NOVEMBER     DECEMBER
---------------------------------------------------------------------------------------------------------------------------------------------------------------
       R/F %DEP.    R/F %DEP.    R/F %DEP.    R/F %DEP.    R/F %DEP.    R/F %DEP.    R/F %DEP.    R/F %DEP.    R/F %DEP.    R/F %DEP.    R/F %DEP.    R/F %DEP.
---------------------------------------------------------------------------------------------------------------------------------------------------------------

2009  29.0     6    0.0  -100    0.0  -100    0.0  -100    0.0  -100    8.0   -92  227.5   -40  301.7   -23  109.5   -44   85.5   138   66.0   588    5.3   -33

2010   4.8   -82   10.5   -39    0.0  -100    0.0  -100    0.0  -100   13.0   -88  345.2    -8  207.7   -47  104.1   -46   47.4    32    8.6   -10    0.0  -100

2011   0.0  -100    0.5   -97    0.0  -100    0.0  -100   21.0   412  247.1   121  284.1   -21  295.9   -24  221.4     5    0.0  -100    0.0  -100    0.0  -100

2012  47.9   113    0.0  -100    0.0  -100    0.0  -100    0.0  -100   31.1   -72  346.4    -3  456.7    17  212.6     1    0.0  -100    0.0  -100    0.0  -100

2013   0.0  -100    6.0   -59    0.0  -100    0.0  -100    0.0  -100  388.8   248  341.5    -5  670.7    71   13.3   -94  201.6   542    0.0  -100    0.0  -100

===============================================================================================================================================================
