                                                                  


District : RAISEN




===============================================================================================================================================================
YEAR   JANUARY      FEBRUARY      MARCH        APRIL         MAY          JUNE         JULY        AUGUST     SEPTEMBER     OCTOBER      NOVEMBER     DECEMBER
---------------------------------------------------------------------------------------------------------------------------------------------------------------
       R/F %DEP.    R/F %DEP.    R/F %DEP.    R/F %DEP.    R/F %DEP.    R/F %DEP.    R/F %DEP.    R/F %DEP.    R/F %DEP.    R/F %DEP.    R/F %DEP.    R/F %DEP.
---------------------------------------------------------------------------------------------------------------------------------------------------------------

2009   6.3   -64    0.0  -100    0.0  -100    0.0  -100   11.3    88   62.0   -53  336.7   -14  196.0   -52  313.6    47   58.6    86   70.8   457   23.6   181

2010   2.3   -87    1.9   -80    0.0  -100    0.0  -100    0.0  -100   97.2   -26  217.7   -44  337.7   -17  120.3   -43    3.0   -90   32.4   155    0.0  -100

2011   0.0  -100    0.7   -93    1.7   -73    0.0  -100    0.6   -91  383.9   198  433.2    16  300.5   -26  301.2    46    0.0  -100    0.0  -100    0.0  -100

2012   9.2   -10    0.0  -100    0.0  -100    0.0  -100    2.6   -59   47.2   -63  471.1    26  385.3    -5  137.7   -33    0.0  -100    0.0  -100    0.0  -100

2013   0.0  -100    1.5   -84   17.0   166    0.7   -61    0.6   -91  443.2   244  556.5    49  449.0    11   56.9   -72   74.4   126    1.6   -84    0.0  -100

===============================================================================================================================================================
