                                                                  


District : RAJGARH




===============================================================================================================================================================
YEAR   JANUARY      FEBRUARY      MARCH        APRIL         MAY          JUNE         JULY        AUGUST     SEPTEMBER     OCTOBER      NOVEMBER     DECEMBER
---------------------------------------------------------------------------------------------------------------------------------------------------------------
       R/F %DEP.    R/F %DEP.    R/F %DEP.    R/F %DEP.    R/F %DEP.    R/F %DEP.    R/F %DEP.    R/F %DEP.    R/F %DEP.    R/F %DEP.    R/F %DEP.    R/F %DEP.
---------------------------------------------------------------------------------------------------------------------------------------------------------------

2009   5.7   -59    0.0  -100    0.0  -100    0.0  -100    8.0    43   33.6   -66  392.2    24  103.7   -70   71.6   -56  101.0   290   71.7   312   14.6    97

2010   0.0  -100    4.4     0    0.0  -100    0.0  -100    0.0  -100   27.4   -72  240.0   -24  267.7   -22   99.1   -39    8.0   -69   56.3   224    0.6   -92

2011   0.0  -100    0.0  -100    0.0  -100    0.0  -100    3.0   -46  383.9   306  444.7    47  497.4    47  247.2    60    0.0  -100    0.0  -100    0.0  -100

2012   0.0  -100    0.0  -100    0.0  -100    0.8   -43   10.0    79   54.9   -42  392.8    30  418.8    23  111.6   -28    0.0  -100    0.0  -100    0.0  -100

2013   0.0  -100   40.0   926   28.0   483    0.2   -86    0.0  -100  288.6   205  598.4    98  503.4    48   57.4   -63   47.2    75    0.0  -100   12.8    41

===============================================================================================================================================================
