                                                                  


District : RATLAM




===============================================================================================================================================================
YEAR   JANUARY      FEBRUARY      MARCH        APRIL         MAY          JUNE         JULY        AUGUST     SEPTEMBER     OCTOBER      NOVEMBER     DECEMBER
---------------------------------------------------------------------------------------------------------------------------------------------------------------
       R/F %DEP.    R/F %DEP.    R/F %DEP.    R/F %DEP.    R/F %DEP.    R/F %DEP.    R/F %DEP.    R/F %DEP.    R/F %DEP.    R/F %DEP.    R/F %DEP.    R/F %DEP.
---------------------------------------------------------------------------------------------------------------------------------------------------------------

2009   0.5   -90    0.0  -100    0.0  -100    0.0  -100    9.7   120   50.8   -53  309.0     5  181.7   -40   79.6   -56   96.9   187   18.8    40    9.9   136

2010   0.0  -100    2.0   -13    0.0  -100    0.0  -100    0.0  -100   28.3   -74  248.9   -15  288.1    -5   78.4   -57    1.7   -95   41.6   210    0.0  -100

2011   0.0  -100    0.0  -100    0.0  -100    0.0  -100    0.4   -92   90.2   -13  356.3    21  622.9   108  185.1     7    0.0  -100    0.0  -100    0.0  -100

2012   0.1   -98    0.0  -100    0.0  -100    0.0  -100   21.0   312    7.9   -92  361.7    22  418.7    40  209.0    21    0.0  -100    0.0  -100    0.0  -100

2013   0.0  -100    9.1   379    5.0   138    5.6   180    0.1   -98  183.3    76  532.2    80  335.6    12  176.3     2   97.5   137    0.0  -100    8.3    20

===============================================================================================================================================================
