                                                                  


District : SAGAR




===============================================================================================================================================================
YEAR   JANUARY      FEBRUARY      MARCH        APRIL         MAY          JUNE         JULY        AUGUST     SEPTEMBER     OCTOBER      NOVEMBER     DECEMBER
---------------------------------------------------------------------------------------------------------------------------------------------------------------
       R/F %DEP.    R/F %DEP.    R/F %DEP.    R/F %DEP.    R/F %DEP.    R/F %DEP.    R/F %DEP.    R/F %DEP.    R/F %DEP.    R/F %DEP.    R/F %DEP.    R/F %DEP.
---------------------------------------------------------------------------------------------------------------------------------------------------------------

2009   3.6   -87    2.9   -75    0.3   -97    1.4   -44    9.5    48   45.6   -65  266.2   -27  249.8   -38  282.4    49  113.8   247  131.4   866    8.4     4

2010   3.2   -88    1.3   -89    0.0  -100    0.0  -100    0.0  -100   33.8   -74  375.9     4  255.8   -37  106.4   -44    1.2   -96    3.7   -73    2.2   -73

2011   0.0  -100    1.7   -86    0.1   -99   11.1   383   12.3    78  484.6   279  355.3     1  270.4   -34  156.7   -21    0.0  -100    0.0  -100    0.0  -100

2012  26.9    51    0.0  -100    0.0  -100    0.4   -83    3.5   -49   66.6   -48  271.2   -23  432.1     5  110.6   -44    1.0   -97    0.0  -100    0.0  -100

2013   0.0  -100   18.7    53   25.8   158    1.6   -30    0.0  -100  511.5   301  721.2   105  539.7    32   65.6   -67   50.0    50    0.4   -97    0.0  -100

===============================================================================================================================================================
