                                                                  


District : SHAHDOL




===============================================================================================================================================================
YEAR   JANUARY      FEBRUARY      MARCH        APRIL         MAY          JUNE         JULY        AUGUST     SEPTEMBER     OCTOBER      NOVEMBER     DECEMBER
---------------------------------------------------------------------------------------------------------------------------------------------------------------
       R/F %DEP.    R/F %DEP.    R/F %DEP.    R/F %DEP.    R/F %DEP.    R/F %DEP.    R/F %DEP.    R/F %DEP.    R/F %DEP.    R/F %DEP.    R/F %DEP.    R/F %DEP.
---------------------------------------------------------------------------------------------------------------------------------------------------------------

2009   7.0   -81    0.0  -100   15.0   -10    0.0  -100    6.0   -56   35.6   -77  285.9   -16  145.2   -61  146.0   -27    0.0  -100   56.0   544    4.9   -35

2010   0.0  -100    0.0  -100    0.0  -100    0.0  -100    0.0  -100   42.0   -68  302.3    -6  291.6   -18  183.0    -2    0.0  -100    0.0  -100    0.0  -100

2011   0.0  -100    0.0  -100    0.0  -100    0.0  -100    0.0  -100  262.9   114  141.5   -55  325.0   -11  377.0    94    0.0  -100    0.0  -100    0.0  -100

2012  96.0   309    0.0  -100    0.0  -100    0.0  -100    5.5   -29   10.0   -92  381.5    22  293.0   -20  176.9    -9    6.0   -81   13.6   119    0.4   -96

2013   0.2   -99   91.0   376    4.0   -69    3.5   -30    0.0  -100  176.0    44  236.5   -25  304.1   -17   85.0   -56  155.0   392    0.0  -100    0.0  -100

===============================================================================================================================================================
