                                                                  


District : SHAJAPUR




===============================================================================================================================================================
YEAR   JANUARY      FEBRUARY      MARCH        APRIL         MAY          JUNE         JULY        AUGUST     SEPTEMBER     OCTOBER      NOVEMBER     DECEMBER
---------------------------------------------------------------------------------------------------------------------------------------------------------------
       R/F %DEP.    R/F %DEP.    R/F %DEP.    R/F %DEP.    R/F %DEP.    R/F %DEP.    R/F %DEP.    R/F %DEP.    R/F %DEP.    R/F %DEP.    R/F %DEP.    R/F %DEP.
---------------------------------------------------------------------------------------------------------------------------------------------------------------

2009  10.1   -23    0.0  -100    0.0  -100    5.1   200    9.1    11   25.6   -76  348.6    12  157.8   -54   50.5   -72   94.1   265   59.0   328   26.0   251

2010   1.2   -91    1.9   -53    0.0  -100    0.0  -100    0.0  -100    9.0   -91  245.6   -21  222.9   -35   72.1   -60   20.6   -20   45.7   231    1.5   -80

2011   0.0  -100    0.0  -100    0.0  -100    0.0  -100    1.3   -81  234.6   145  440.3    47  351.2    11  240.1    47    0.0  -100    0.0  -100    0.0  -100

2012   0.0  -100    0.0  -100    0.0  -100    0.0  -100    5.0   -28    6.3   -93  438.0    46  297.3    -6  152.3    -7    0.0  -100    0.0  -100    0.0  -100

2013   0.0  -100   34.8   955   11.5   211    2.8    56    4.3   -38  283.2   196  453.8    52  478.7    51   58.7   -64   38.0    30    0.0  -100    5.5   -38

===============================================================================================================================================================
