                                                                  


District : SHEOPUR




===============================================================================================================================================================
YEAR   JANUARY      FEBRUARY      MARCH        APRIL         MAY          JUNE         JULY        AUGUST     SEPTEMBER     OCTOBER      NOVEMBER     DECEMBER
---------------------------------------------------------------------------------------------------------------------------------------------------------------
       R/F %DEP.    R/F %DEP.    R/F %DEP.    R/F %DEP.    R/F %DEP.    R/F %DEP.    R/F %DEP.    R/F %DEP.    R/F %DEP.    R/F %DEP.    R/F %DEP.    R/F %DEP.
---------------------------------------------------------------------------------------------------------------------------------------------------------------

2009   0.0  -100    0.0  -100    0.0  -100    4.5    80   11.5    17   19.8   -70   77.8   -74  149.1   -49   64.8   -46    9.5   -61   34.3   472    0.7   -86

2010   0.0  -100   10.1   102    0.0  -100    0.0  -100    0.0  -100   62.2    -5  156.3   -47  289.5    -1   70.3   -42    0.0  -100   23.3   288    0.0  -100

2011   0.0  -100    6.5    97    0.0  -100    0.0  -100    0.0  -100  271.1   292  250.1    -8  315.5    13  244.8   126    0.0  -100    0.0  -100    0.0  -100

2012  11.5    17    0.0  -100    0.0  -100    3.8    73    4.7   -31   22.5   -67  267.9    -1  371.0    33   73.0   -33    0.0  -100    0.0  -100    0.0  -100

2013   9.5    -3   37.5  1036    1.0   -77    1.0   -55    0.0  -100  116.8    69  348.0    28  427.3    54    6.5   -94   67.7   144    0.0  -100    3.5   -36

===============================================================================================================================================================
