                                                                  


District : SHIVPURI




===============================================================================================================================================================
YEAR   JANUARY      FEBRUARY      MARCH        APRIL         MAY          JUNE         JULY        AUGUST     SEPTEMBER     OCTOBER      NOVEMBER     DECEMBER
---------------------------------------------------------------------------------------------------------------------------------------------------------------
       R/F %DEP.    R/F %DEP.    R/F %DEP.    R/F %DEP.    R/F %DEP.    R/F %DEP.    R/F %DEP.    R/F %DEP.    R/F %DEP.    R/F %DEP.    R/F %DEP.    R/F %DEP.
---------------------------------------------------------------------------------------------------------------------------------------------------------------

2009   4.8   -70    0.0  -100    0.0  -100    0.8   -74    9.5     9   46.0   -39  254.4   -13  258.7    -8   77.4   -52   79.5   180   18.3   115    3.8   -38

2010   2.3   -86   13.2    55    0.0  -100    0.0  -100    0.0  -100   51.3   -32  268.3    -8  353.2    25  143.5   -12    0.0  -100   12.8    51    0.0  -100

2011   0.0  -100    3.6   -47    0.0  -100    0.0  -100    0.1   -99  300.1   326  278.3     1  185.1   -34  135.9   -11    0.0  -100    0.0  -100    0.0  -100

2012   6.5   -50    0.0  -100    0.0  -100    5.3   130    0.0  -100   61.8   -12  400.7    45  361.1    29  112.8   -26    1.5   -95    0.0  -100    0.0  -100

2013   0.0  -100   60.5   790    0.0  -100    1.0   -57    0.5   -93  204.9   191  474.2    72  450.7    61   84.3   -45   54.8    72    0.3   -96    0.5   -94

===============================================================================================================================================================
