                                                                  


District : SIDHI




===============================================================================================================================================================
YEAR   JANUARY      FEBRUARY      MARCH        APRIL         MAY          JUNE         JULY        AUGUST     SEPTEMBER     OCTOBER      NOVEMBER     DECEMBER
---------------------------------------------------------------------------------------------------------------------------------------------------------------
       R/F %DEP.    R/F %DEP.    R/F %DEP.    R/F %DEP.    R/F %DEP.    R/F %DEP.    R/F %DEP.    R/F %DEP.    R/F %DEP.    R/F %DEP.    R/F %DEP.    R/F %DEP.
---------------------------------------------------------------------------------------------------------------------------------------------------------------

2009   6.4   -77    0.0  -100    2.4   -85    6.6    35    7.2   -40   72.0   -48  254.1   -24  154.2   -55  124.6   -45    7.2   -79   39.4   302   11.0    38

2010  10.6   -62    0.0  -100    0.0  -100    1.0   -80    8.4   -31   56.6   -59  370.4    11  221.6   -35  133.0   -42   33.4     0    0.0  -100    0.0  -100

2011   3.2   -85    2.4   -84    0.0  -100    6.0    76    4.2   -55  587.7   355  265.1   -18  329.4    -1  511.9   121    0.0  -100    0.0  -100    0.0  -100

2012  43.8   112    2.0   -86    7.2   -38    0.0  -100   14.6    55   16.4   -87  471.0    46  597.6    80  302.6    31   14.0   -61    0.4   -95   17.8   144

2013   0.0  -100   62.6   326   23.1    99   11.4   235    0.0  -100  139.2     8  528.6    64  350.2     5  112.6   -51   99.6   181    0.0  -100    0.0  -100

===============================================================================================================================================================
