                                                                  


District : TIKAMGARH




===============================================================================================================================================================
YEAR   JANUARY      FEBRUARY      MARCH        APRIL         MAY          JUNE         JULY        AUGUST     SEPTEMBER     OCTOBER      NOVEMBER     DECEMBER
---------------------------------------------------------------------------------------------------------------------------------------------------------------
       R/F %DEP.    R/F %DEP.    R/F %DEP.    R/F %DEP.    R/F %DEP.    R/F %DEP.    R/F %DEP.    R/F %DEP.    R/F %DEP.    R/F %DEP.    R/F %DEP.    R/F %DEP.
---------------------------------------------------------------------------------------------------------------------------------------------------------------

2009  26.0    20    0.0  -100    0.0  -100    2.5    25    4.0     0   23.5   -77  221.0   -35  218.0   -39   88.9   -48  152.0   389   38.2   163    4.0   -49

2010   0.0  -100   24.5   123    0.0  -100    0.0  -100    0.0  -100    7.5   -93  163.8   -52  230.3   -36  112.4   -34   10.0   -68   26.0    79    0.0  -100

2011   0.0  -100    2.7   -62    0.0  -100    0.0  -100    7.5    53  484.6   485  243.6   -14  235.0   -29  148.0    -5    0.0  -100    0.0  -100    0.0  -100

2012  29.5    47    0.0  -100    0.0  -100    5.0   178    0.0  -100   13.5   -84  349.8    24  336.5     1   83.5   -46    0.0  -100    0.0  -100    0.0  -100

2013   0.0  -100   72.5   921    3.8   -16    2.5    39    0.0  -100  158.5    91  525.0    86  400.5    20   22.0   -86  108.5   269    1.0   -86   20.5   103

===============================================================================================================================================================
