                                                                  


District : UJJAIN




===============================================================================================================================================================
YEAR   JANUARY      FEBRUARY      MARCH        APRIL         MAY          JUNE         JULY        AUGUST     SEPTEMBER     OCTOBER      NOVEMBER     DECEMBER
---------------------------------------------------------------------------------------------------------------------------------------------------------------
       R/F %DEP.    R/F %DEP.    R/F %DEP.    R/F %DEP.    R/F %DEP.    R/F %DEP.    R/F %DEP.    R/F %DEP.    R/F %DEP.    R/F %DEP.    R/F %DEP.    R/F %DEP.
---------------------------------------------------------------------------------------------------------------------------------------------------------------

2009   1.2   -85    0.0  -100    0.0  -100    0.2   -75   19.6   250   69.8   -36  313.6    16  146.1   -51  101.8   -38   85.1   178   56.0   297   24.5   390

2010   0.6   -92    8.8   238    0.0  -100    0.0  -100    0.7   -88   11.9   -89  217.9   -19  328.2     9   80.7   -51   16.7   -45   45.8   225    2.2   -56

2011   0.0  -100    0.0  -100    2.1     5    0.0  -100    2.6   -52  131.5    26  395.4    43  402.0    38  148.2    -8    0.0  -100    0.0  -100    0.0  -100

2012   0.0  -100    0.0  -100    0.0  -100    0.0  -100    7.6    41   33.6   -68  465.9    68  268.3    -8  219.4    36    0.0  -100    0.0  -100    0.0  -100

2013   0.0  -100   18.0   757   26.6  1230    1.9   138    0.0  -100  221.3   111  471.4    70  372.9    28   98.1   -39   56.5    61    0.0  -100    6.2   -16

===============================================================================================================================================================
