                                                                  


District : UMARIA




===============================================================================================================================================================
YEAR   JANUARY      FEBRUARY      MARCH        APRIL         MAY          JUNE         JULY        AUGUST     SEPTEMBER     OCTOBER      NOVEMBER     DECEMBER
---------------------------------------------------------------------------------------------------------------------------------------------------------------
       R/F %DEP.    R/F %DEP.    R/F %DEP.    R/F %DEP.    R/F %DEP.    R/F %DEP.    R/F %DEP.    R/F %DEP.    R/F %DEP.    R/F %DEP.    R/F %DEP.    R/F %DEP.
---------------------------------------------------------------------------------------------------------------------------------------------------------------

2009  13.5   -54    0.0  -100    2.6   -84    3.1   -52    2.5   -70   88.4   -33  169.2   -51  139.5   -66  257.6    21   28.5   -28  176.7  1599   23.6    98

2010   2.6   -91   20.2   -18    0.0  -100    0.0  -100    6.5   -21   66.1   -50  327.9    -6  225.6   -45  179.7   -16   41.2     4    0.0  -100   13.9    17

2011   0.6   -98    1.0   -95    0.0  -100    6.6   -11    6.0   -24  307.9   147  303.3   -11  336.0   -19  359.6    68    4.5   -88    0.0  -100    0.0  -100

2012  58.5   119    2.5   -88    0.5   -97   15.5   109    0.0  -100   21.8   -83  274.6   -19  266.8   -36  122.6   -43    2.5   -94   12.5    29   36.4   166

2013   0.2   -99   81.9   281   46.0   184    7.0    -5    0.0  -100  324.0   159  274.8   -19  281.8   -32  112.1   -48   48.1    24    0.0  -100    0.0  -100

===============================================================================================================================================================
