                                                                  


District : VIDISHA




===============================================================================================================================================================
YEAR   JANUARY      FEBRUARY      MARCH        APRIL         MAY          JUNE         JULY        AUGUST     SEPTEMBER     OCTOBER      NOVEMBER     DECEMBER
---------------------------------------------------------------------------------------------------------------------------------------------------------------
       R/F %DEP.    R/F %DEP.    R/F %DEP.    R/F %DEP.    R/F %DEP.    R/F %DEP.    R/F %DEP.    R/F %DEP.    R/F %DEP.    R/F %DEP.    R/F %DEP.    R/F %DEP.
---------------------------------------------------------------------------------------------------------------------------------------------------------------

2009  35.5    61    0.0  -100    0.0  -100    0.8   -47    2.2   -50   72.6   -41  244.0   -35  230.3   -39  188.7    12    0.0  -100  114.4   619   19.8    94

2010   2.3   -90    0.0  -100    0.0  -100    0.0  -100    0.0  -100  136.4    11  291.0   -22  242.5   -36   95.4   -43   11.0   -50   40.0   152    5.0   -51

2011   0.0  -100    0.0  -100    0.0  -100    1.6    14    0.0  -100  510.4   363  381.2     7  318.0   -15  156.6    -4    0.0  -100    0.0  -100    0.0  -100

2012   0.0  -100    0.0  -100    0.0  -100    0.0  -100    1.5   -66   29.4   -73  425.6    19  388.3     3  110.4   -32    0.0  -100    0.0  -100    0.0  -100

2013   0.0  -100   24.9   204   27.4   437    0.0  -100    0.0  -100  348.6   216  675.8    90  464.5    24   44.6   -73   26.3    10    0.0  -100    2.6   -76

===============================================================================================================================================================
