                                                                  


District : CHENNAI



===============================================================================================================================================================
YEAR   JANUARY      FEBRUARY      MARCH        APRIL         MAY          JUNE         JULY        AUGUST     SEPTEMBER     OCTOBER      NOVEMBER     DECEMBER
---------------------------------------------------------------------------------------------------------------------------------------------------------------
       R/F %DEP.    R/F %DEP.    R/F %DEP.    R/F %DEP.    R/F %DEP.    R/F %DEP.    R/F %DEP.    R/F %DEP.    R/F %DEP.    R/F %DEP.    R/F %DEP.    R/F %DEP.
---------------------------------------------------------------------------------------------------------------------------------------------------------------

2009  13.1   -48    0.0  -100    0.7   -86    0.0  -100   14.0   -70   11.3   -80   41.8   -63   93.9   -37   73.6   -41   46.5   -83  493.8    46  259.5    79

2010   4.7   -81    0.1   -99    0.0  -100    0.0  -100  191.1   314  120.2   110  146.0    31  195.1    31  107.5   -14  165.6   -39  224.2   -34  263.7    82

2011  11.8   -47   41.8   186    0.0  -100   19.4    62   10.0   -77  118.0    84   85.6   -21  330.5   123  235.5    99  241.1   -10  447.3    22  147.5    -5

2012  17.0   -23    0.0  -100    0.5   -83    0.0  -100    0.0  -100   21.2   -67   67.3   -38   94.5   -36  164.0    38  394.3    48   39.2   -89  134.4   -14

2013   0.0  -100   16.9    16   25.1   737    1.9   -84    1.8   -96   40.3   -37  154.7    42  194.8    32  210.2    77  195.4   -27  174.4   -53   93.7   -40

===============================================================================================================================================================
