                                                                  


District : COIMBATORE



===============================================================================================================================================================
YEAR   JANUARY      FEBRUARY      MARCH        APRIL         MAY          JUNE         JULY        AUGUST     SEPTEMBER     OCTOBER      NOVEMBER     DECEMBER
---------------------------------------------------------------------------------------------------------------------------------------------------------------
       R/F %DEP.    R/F %DEP.    R/F %DEP.    R/F %DEP.    R/F %DEP.    R/F %DEP.    R/F %DEP.    R/F %DEP.    R/F %DEP.    R/F %DEP.    R/F %DEP.    R/F %DEP.
---------------------------------------------------------------------------------------------------------------------------------------------------------------

2009   1.3   -91    0.0  -100   46.2   142   28.7   -46   82.4     8   96.6   153  360.5   536  115.6   177  192.7   243   81.6   -47  203.6    65   20.9   -59

2010   4.0   -72    0.8   -93    6.9   -68   33.1   -39   61.6   -21   34.1   -33   40.0   -47   55.3    10   58.6     4  168.7     8  234.2    75   34.1   -34

2011   0.0  -100   82.9   580    8.5   -51  140.6   163   45.5   -43   86.5   163   47.5     1   68.3    68   50.6   -27  211.7    39  183.5    42   15.5   -67

2012   1.8   -78    0.8   -93    0.1   -99   68.9    29   47.0   -41   41.8    27   48.3     2   44.1     9   28.2   -59  229.6    51   42.5   -67    6.4   -86

2013   0.0  -100   57.8   374   19.1    11   54.2     1   47.9   -40  154.4   369  126.2   167   93.3   130   87.5    27  160.4     6   70.6   -46   26.9   -43

===============================================================================================================================================================
