                                                                  


District : CUDDALORE



===============================================================================================================================================================
YEAR   JANUARY      FEBRUARY      MARCH        APRIL         MAY          JUNE         JULY        AUGUST     SEPTEMBER     OCTOBER      NOVEMBER     DECEMBER
---------------------------------------------------------------------------------------------------------------------------------------------------------------
       R/F %DEP.    R/F %DEP.    R/F %DEP.    R/F %DEP.    R/F %DEP.    R/F %DEP.    R/F %DEP.    R/F %DEP.    R/F %DEP.    R/F %DEP.    R/F %DEP.    R/F %DEP.
---------------------------------------------------------------------------------------------------------------------------------------------------------------

2009  20.2   -48    0.0  -100   69.1   297   36.6   103   21.3   -60   29.7   -29   38.9   -48  119.8    -5   89.7   -31   74.6   -67  607.3    94  278.6    56

2010  41.3     6    0.0  -100    0.0  -100    0.0  -100   71.6    33   68.5    63   36.3   -52  149.9    18  108.2   -17  145.4   -36  553.3    77  345.0    94

2011  45.2    62   24.8    53    0.0  -100  105.2   519   15.4   -69   17.1   -64  105.3    40  112.8   -13  189.4    44  270.5    23  491.7    67  111.2   -39

2012   5.6   -80    0.0  -100    5.1   -65   14.8   -13   24.0   -52    2.4   -95   55.4   -26   78.6   -39  109.1   -17  479.6   118   94.3   -68   13.9   -92

2013   0.1   -99   21.2    31   28.8    97    0.1   -99   30.5   -39   51.7     9   38.1   -49  239.2    85  125.4    -5  114.8   -48  236.7   -20   91.1   -50

===============================================================================================================================================================
