                                                                  


District : DHARMAPURI



===============================================================================================================================================================
YEAR   JANUARY      FEBRUARY      MARCH        APRIL         MAY          JUNE         JULY        AUGUST     SEPTEMBER     OCTOBER      NOVEMBER     DECEMBER
---------------------------------------------------------------------------------------------------------------------------------------------------------------
       R/F %DEP.    R/F %DEP.    R/F %DEP.    R/F %DEP.    R/F %DEP.    R/F %DEP.    R/F %DEP.    R/F %DEP.    R/F %DEP.    R/F %DEP.    R/F %DEP.    R/F %DEP.
---------------------------------------------------------------------------------------------------------------------------------------------------------------

2009   3.8   -59    0.0  -100   22.0    72   17.5   -43  148.6    44   76.5    65   11.6   -84  107.5    20  184.2    22   44.9   -74  145.4    52   54.0    20

2010   1.2   -87    0.0  -100    2.3   -85   38.9    10  146.2    38   82.4    78  124.6    69  146.1    63   71.8   -53  108.8   -38  299.2   213   27.7   -39

2011   0.0  -100   34.5   238   10.3   -35  172.5   314  118.1    15    4.0   -93   47.0   -40  157.8    59   52.9   -67  162.2   -10  166.2    61   35.5   -23

2012   0.0  -100    0.0  -100    0.1   -99   36.6   -12   99.3    -3   31.7   -41   80.8     4  127.3    28   59.1   -64  193.8     7   62.7   -39   28.7   -38

2013   0.0  -100   22.0   116    0.4   -97   29.4   -29  150.4    46   19.6   -63   19.7   -75   41.1   -59  204.4    26  201.3    12  107.0     4    6.1   -87

===============================================================================================================================================================
