                                                                  


District : DINDIGUL



===============================================================================================================================================================
YEAR   JANUARY      FEBRUARY      MARCH        APRIL         MAY          JUNE         JULY        AUGUST     SEPTEMBER     OCTOBER      NOVEMBER     DECEMBER
---------------------------------------------------------------------------------------------------------------------------------------------------------------
       R/F %DEP.    R/F %DEP.    R/F %DEP.    R/F %DEP.    R/F %DEP.    R/F %DEP.    R/F %DEP.    R/F %DEP.    R/F %DEP.    R/F %DEP.    R/F %DEP.    R/F %DEP.
---------------------------------------------------------------------------------------------------------------------------------------------------------------

2009   6.9   -67    0.0  -100   17.8    -2   26.4   -54   70.7    -2   21.7   -29   13.7   -70   82.1    27   92.4   -16   89.1   -52  307.1   125   72.4    -7

2010   4.2   -80    0.0  -100    4.1   -77   34.5   -40   98.7    37   71.7   134   63.0    38   54.0   -17   97.3   -12  293.5    59  374.5   175  100.4    29

2011   7.5   -61   29.9   151    8.1   -64   91.2    46   71.4   -14   18.9   -54   30.4   -46  108.1    53   22.6   -82  274.8    46  311.3    96   31.0   -65

2012   2.6   -86    0.4   -97    3.8   -83   60.3    -4   76.4    -8   19.8   -52   39.0   -30   64.7    -8   52.4   -59  272.5    45   29.2   -82   15.3   -83

2013   0.0  -100   33.9   185   34.5    54   31.3   -50   36.9   -56   23.0   -44    9.4   -83   50.8   -28   91.8   -28  122.5   -35   47.0   -70   50.2   -44

===============================================================================================================================================================
