                                                                  


District : KANCHIPURAM



===============================================================================================================================================================
YEAR   JANUARY      FEBRUARY      MARCH        APRIL         MAY          JUNE         JULY        AUGUST     SEPTEMBER     OCTOBER      NOVEMBER     DECEMBER
---------------------------------------------------------------------------------------------------------------------------------------------------------------
       R/F %DEP.    R/F %DEP.    R/F %DEP.    R/F %DEP.    R/F %DEP.    R/F %DEP.    R/F %DEP.    R/F %DEP.    R/F %DEP.    R/F %DEP.    R/F %DEP.    R/F %DEP.
---------------------------------------------------------------------------------------------------------------------------------------------------------------

2009  16.0   -29    0.0  -100    6.6    40    0.0  -100   43.8     6   22.3   -61   48.7   -58  119.7   -24  132.0     0   57.9   -77  505.2    59  174.0    32

2010   1.0   -96    0.0  -100    0.0  -100    4.4   -69   91.3   122  107.9    91   93.3   -20  209.3    33  116.1   -12  192.0   -22  291.9    -8  260.9    97

2011   5.6   -68   36.1   206    0.0  -100   55.9   241   29.8   -36   36.6   -46  121.3    11  189.9    16  180.0    21  249.1    10  390.3    38  181.7    37

2012   7.9   -54    0.0  -100    0.0  -100    0.1   -99    5.9   -87   31.6   -54   75.1   -31  141.9   -14   93.8   -37  318.4    41   95.3   -66  132.6     0

2013   0.0  -100   24.3   106   13.7   315    0.0  -100   16.7   -64   73.8     8  135.3    24  153.3    -7  172.8    16  137.1   -39  116.9   -59   61.4   -54

===============================================================================================================================================================
