                                                                  


District : KARUR



===============================================================================================================================================================
YEAR   JANUARY      FEBRUARY      MARCH        APRIL         MAY          JUNE         JULY        AUGUST     SEPTEMBER     OCTOBER      NOVEMBER     DECEMBER
---------------------------------------------------------------------------------------------------------------------------------------------------------------
       R/F %DEP.    R/F %DEP.    R/F %DEP.    R/F %DEP.    R/F %DEP.    R/F %DEP.    R/F %DEP.    R/F %DEP.    R/F %DEP.    R/F %DEP.    R/F %DEP.    R/F %DEP.
---------------------------------------------------------------------------------------------------------------------------------------------------------------

2009   2.1   -86    0.0  -100    3.8   -62   20.7   -43   50.9   -10    0.6   -97    0.3   -99   67.2    13   98.5   -17   42.8   -75  257.6    93   43.0   -26

2010   1.7   -88    0.0  -100    0.0  -100    5.4   -84  120.0    83   36.9   101   76.4    88   31.3   -46   86.3   -19   99.7   -37  319.7   207   60.2    23

2011   0.0  -100    3.0   -62    5.8   -44  103.5   172   30.9   -49   10.8   -45    1.0   -97   93.4    80   49.2   -54  190.2    32  255.7   115   20.1   -61

2012   2.1   -78    0.4   -95    0.0  -100   71.9    89   80.7    33    3.5   -82    5.2   -85   45.6   -12   35.9   -66  173.8    20   64.8   -46    1.2   -98

2013   0.0  -100   16.3   109    3.2   -69    9.3   -76   46.6   -23    4.1   -79    0.1   -99   66.2    28   94.3   -11  113.8   -21   71.9   -40   34.9   -32

===============================================================================================================================================================
