                                                                  


District : KRISHNAGIRI



===============================================================================================================================================================
YEAR   JANUARY      FEBRUARY      MARCH        APRIL         MAY          JUNE         JULY        AUGUST     SEPTEMBER     OCTOBER      NOVEMBER     DECEMBER
---------------------------------------------------------------------------------------------------------------------------------------------------------------
       R/F %DEP.    R/F %DEP.    R/F %DEP.    R/F %DEP.    R/F %DEP.    R/F %DEP.    R/F %DEP.    R/F %DEP.    R/F %DEP.    R/F %DEP.    R/F %DEP.    R/F %DEP.
---------------------------------------------------------------------------------------------------------------------------------------------------------------

2009   0.4   -95    0.0  -100   11.3   -14   48.3    36  157.4    48   40.3   -17   12.7   -84  120.6    11  283.8    72   35.1   -79  155.4    85   41.4    10

2010   1.8   -76    0.0  -100    1.9   -85   58.9    66  168.6    59   61.2    26  129.8    60   97.5   -10   79.4   -52  119.9   -29  274.7   228   10.6   -72

2011   0.0  -100   37.1   540    3.8   -69   89.3   124   94.7    -5   22.6   -60   70.9    -6  168.6    75   47.1   -73  238.5    35  119.4    53   18.8   -46

2012   0.0  -100    0.0  -100    4.9   -60   40.5     2  107.2     8   13.0   -77   85.3    13   98.9     3   45.3   -74  196.5    11   78.7     1   24.8   -28

2013   0.0  -100    7.2    24    1.2   -90   39.1    -2  105.1     6   47.2   -16   22.4   -70   95.7    -1  212.9    24  143.6   -19   83.7     7    7.9   -77

===============================================================================================================================================================
