                                                                  


District : MADURAI



===============================================================================================================================================================
YEAR   JANUARY      FEBRUARY      MARCH        APRIL         MAY          JUNE         JULY        AUGUST     SEPTEMBER     OCTOBER      NOVEMBER     DECEMBER
---------------------------------------------------------------------------------------------------------------------------------------------------------------
       R/F %DEP.    R/F %DEP.    R/F %DEP.    R/F %DEP.    R/F %DEP.    R/F %DEP.    R/F %DEP.    R/F %DEP.    R/F %DEP.    R/F %DEP.    R/F %DEP.    R/F %DEP.
---------------------------------------------------------------------------------------------------------------------------------------------------------------

2009   8.1   -51    0.0  -100   55.5   162   42.8   -17   74.7    27   28.5    -8   28.7   -47   93.4     5  108.5   -18   26.8   -86  248.8    94   26.5   -51

2010   2.7   -84    0.0  -100    0.0  -100   47.3    -9  102.1    74   55.1    78   48.0   -11   44.7   -50  153.8    17  220.3    16  395.2   208  140.5   159

2011   1.6   -88   37.2   157    5.6   -73   92.0    59   54.1   -19   11.0   -77   35.2   -47   98.2    12   46.1   -65  323.0    57  253.6    68   33.2   -46

2012  10.8   -21    0.0  -100    0.0  -100   49.9   -14   79.0    19    5.9   -88   28.2   -58   61.6   -29   91.8   -31  182.3   -12   35.5   -77    3.4   -94

2013   1.2   -91   42.4   192   50.1   143   21.4   -63   38.7   -42   21.3   -56    4.4   -93  111.8    28   52.4   -61  193.9    -6   27.3   -82   45.3   -26

===============================================================================================================================================================
