                                                                  


District : NAMAKKAL



===============================================================================================================================================================
YEAR   JANUARY      FEBRUARY      MARCH        APRIL         MAY          JUNE         JULY        AUGUST     SEPTEMBER     OCTOBER      NOVEMBER     DECEMBER
---------------------------------------------------------------------------------------------------------------------------------------------------------------
       R/F %DEP.    R/F %DEP.    R/F %DEP.    R/F %DEP.    R/F %DEP.    R/F %DEP.    R/F %DEP.    R/F %DEP.    R/F %DEP.    R/F %DEP.    R/F %DEP.    R/F %DEP.
---------------------------------------------------------------------------------------------------------------------------------------------------------------

2009   0.0  -100    0.0  -100   25.1   101   12.2   -74  118.6    31   22.3   -42    9.1   -85  105.8    15  113.0    -9   34.5   -78  136.9    49   36.1    -8

2010   0.0  -100    0.0  -100    0.0  -100   18.0   -62  116.6    28   58.6    53   68.9    10  100.3     9   75.8   -39  118.7   -26  258.8   182   51.5    31

2011   2.2   -66    8.5    15    4.1   -68  152.8   246   80.6   -12    9.4   -79   55.0   -19  116.2    19   75.9   -42  175.7    12  147.2    49   33.6    -7

2012   0.1   -98    0.0  -100    0.0  -100   35.3   -20   33.3   -64    1.9   -96   55.6   -18   63.1   -35   84.1   -35  164.3     5   53.4   -46    0.6   -98

2013   0.0  -100    9.1    23    1.7   -87   29.5   -33   32.5   -65   64.2    46   19.6   -71  120.8    24  112.4   -13  129.5   -17   72.0   -27   31.1   -14

===============================================================================================================================================================
