                                                                  


District : NILGIRI



===============================================================================================================================================================
YEAR   JANUARY      FEBRUARY      MARCH        APRIL         MAY          JUNE         JULY        AUGUST     SEPTEMBER     OCTOBER      NOVEMBER     DECEMBER
---------------------------------------------------------------------------------------------------------------------------------------------------------------
       R/F %DEP.    R/F %DEP.    R/F %DEP.    R/F %DEP.    R/F %DEP.    R/F %DEP.    R/F %DEP.    R/F %DEP.    R/F %DEP.    R/F %DEP.    R/F %DEP.    R/F %DEP.
---------------------------------------------------------------------------------------------------------------------------------------------------------------

2009   1.7   -90    0.0  -100   98.2   304   45.8   -42  142.5     7  184.0   -21  635.6    57  233.9   -14  211.7    39  161.5   -14  658.1   415   73.4    39

2010  17.6     0    2.5   -81   19.0   -22   60.3   -24  111.0   -17  281.3    22  373.1    -8  336.0    24  231.3    52  237.1    27  307.7   141   65.1    23

2011   7.9   -66   59.1   126   12.6   -65  143.6    74   71.8   -39  317.8    87  192.3   -26  217.8    20  187.5    26  267.2    23  212.7    17   30.0   -62

2012  18.0   -22    0.6   -98    9.1   -74   70.8   -14   55.4   -53  183.1     8  181.1   -31  266.8    47  230.5    55  326.2    50  104.8   -42   21.2   -73

2013   0.9   -96   16.9   -35   57.9    63   74.1   -10  114.0    -3  203.9    20  288.7    11  177.2    -2  202.5    36  215.2    -1  126.5   -30   56.4   -29

===============================================================================================================================================================
