                                                                  


District : RAMANATHAPURAM



===============================================================================================================================================================
YEAR   JANUARY      FEBRUARY      MARCH        APRIL         MAY          JUNE         JULY        AUGUST     SEPTEMBER     OCTOBER      NOVEMBER     DECEMBER
---------------------------------------------------------------------------------------------------------------------------------------------------------------
       R/F %DEP.    R/F %DEP.    R/F %DEP.    R/F %DEP.    R/F %DEP.    R/F %DEP.    R/F %DEP.    R/F %DEP.    R/F %DEP.    R/F %DEP.    R/F %DEP.    R/F %DEP.
---------------------------------------------------------------------------------------------------------------------------------------------------------------

2009  18.8   -47    0.0  -100   24.1   -15  102.1    83   11.2   -72    1.1   -92    0.1  -100   53.4    29   55.9    10   76.1   -58  397.4   105  184.6    38

2010  10.3   -71    0.0  -100    0.4   -99   26.1   -53   61.0    54   17.9    28   44.3    48   88.6   115  123.3   142  192.5     7  390.1   101  154.1    16

2011  16.6   -50   15.4   -16    2.0   -91   63.0    19    7.2   -82    1.7   -90   29.5    -2   41.6    -6   27.2   -53  236.3    30  295.8    58   81.4   -33

2012   5.0   -85    2.2   -88    4.9   -79   31.6   -40   10.0   -74    0.0  -100   16.2   -46   27.4   -38   57.2    -2  279.7    53   53.6   -71   48.7   -60

2013  28.9   -12   66.6   264   54.8   133   12.5   -76   10.9   -72    7.1   -58    6.8   -77   44.8     1   14.4   -75   85.1   -53  120.3   -36  127.7     5

===============================================================================================================================================================
