                                                                  


District : SALEM



===============================================================================================================================================================
YEAR   JANUARY      FEBRUARY      MARCH        APRIL         MAY          JUNE         JULY        AUGUST     SEPTEMBER     OCTOBER      NOVEMBER     DECEMBER
---------------------------------------------------------------------------------------------------------------------------------------------------------------
       R/F %DEP.    R/F %DEP.    R/F %DEP.    R/F %DEP.    R/F %DEP.    R/F %DEP.    R/F %DEP.    R/F %DEP.    R/F %DEP.    R/F %DEP.    R/F %DEP.    R/F %DEP.
---------------------------------------------------------------------------------------------------------------------------------------------------------------

2009   2.3   -82    0.0  -100   16.9     4   42.4    -1  130.4    44   64.7    28   63.2   -22  165.5    51  167.9    21   56.1   -70  142.8    31   44.7   -15

2010   0.6   -95    0.0  -100    2.8   -83   21.9   -49  129.2    42  124.5   146  111.9    37  202.8    86  106.6   -23  165.0   -11  328.7   203   70.5    35

2011   2.4   -72    6.3   -16   20.5    28  144.1   167   46.8   -54   38.5   -41   85.3   -12  184.1    54  140.5   -12  170.7   -11  229.6    85   47.0   -16

2012   0.0  -100    0.0  -100    0.0  -100   36.1   -33   79.2   -21   52.4   -20   99.4     3  144.6    21  144.6    -9  198.3     4   62.0   -50   14.9   -73

2013   0.0  -100   13.0    73    1.2   -93   38.1   -29   30.8   -69   84.8    30   45.2   -53  141.2    18  221.0    39  123.4   -35   89.6   -28   42.6   -24

===============================================================================================================================================================
