                                                                  


District : SIVAGANGA



===============================================================================================================================================================
YEAR   JANUARY      FEBRUARY      MARCH        APRIL         MAY          JUNE         JULY        AUGUST     SEPTEMBER     OCTOBER      NOVEMBER     DECEMBER
---------------------------------------------------------------------------------------------------------------------------------------------------------------
       R/F %DEP.    R/F %DEP.    R/F %DEP.    R/F %DEP.    R/F %DEP.    R/F %DEP.    R/F %DEP.    R/F %DEP.    R/F %DEP.    R/F %DEP.    R/F %DEP.    R/F %DEP.
---------------------------------------------------------------------------------------------------------------------------------------------------------------

2009   1.4   -93    0.0  -100    0.6   -97   74.4    37   48.1   -17   19.1   -41   13.5   -81  149.5    70  151.4    52   34.3   -82  315.4   114   90.4    14

2010   4.1   -79    0.0  -100    0.0  -100   21.3   -61   93.5    61   76.8   139   91.9    32   82.0    -7  245.3   146  203.8     8  236.3    60   98.5    24

2011   6.0   -62   11.7    -5    3.1   -82   67.4    46   35.9   -38   15.6   -63  122.6    70   88.7     1  140.7    42  248.0    33  256.7    73   22.3   -74

2012   5.7   -63    0.3   -98    2.4   -86   30.4   -34   68.5    19    6.0   -86   51.8   -28   83.4    -5   87.3   -12  258.4    38   35.3   -76    9.5   -89

2013  13.2   -15   46.0   274   52.7   201    0.6   -99   78.3    36   34.2   -18   21.0   -71  177.9   102   36.3   -63  146.5   -22   57.3   -61   60.8   -30

===============================================================================================================================================================
