                                                                  


District : THANJAVUR



===============================================================================================================================================================
YEAR   JANUARY      FEBRUARY      MARCH        APRIL         MAY          JUNE         JULY        AUGUST     SEPTEMBER     OCTOBER      NOVEMBER     DECEMBER
---------------------------------------------------------------------------------------------------------------------------------------------------------------
       R/F %DEP.    R/F %DEP.    R/F %DEP.    R/F %DEP.    R/F %DEP.    R/F %DEP.    R/F %DEP.    R/F %DEP.    R/F %DEP.    R/F %DEP.    R/F %DEP.    R/F %DEP.
---------------------------------------------------------------------------------------------------------------------------------------------------------------

2009  19.4   -41    0.0  -100   18.6   -15   55.4    53   23.2   -59   20.1   -45    9.3   -87  125.9     9  114.4    -4   40.1   -79  449.8   116  320.6   119

2010  29.8    -9    0.0  -100    0.0  -100   10.4   -71   96.6    71   44.6    22   39.9   -44  144.2    25  162.3    37  209.3    10  398.7    91  229.1    56

2011  18.8   -30   15.8     3    0.0  -100   88.8   191    6.5   -88   27.2   -32   52.5   -19  108.3     6  109.0    -3  172.7    -6  316.3    44   55.5   -62

2012   2.1   -92    0.8   -95    7.3   -58    9.6   -69   13.0   -76   12.6   -68   31.6   -51   80.5   -21   88.6   -21  334.0    82   86.4   -61   19.0   -87

2013  14.5   -46   14.8    -4   53.5   209    0.8   -97   20.7   -62   24.6   -38   11.5   -82  146.5    44  117.0     5   94.2   -49  131.4   -40   86.2   -41

===============================================================================================================================================================
