                                                                  


District : THENI



===============================================================================================================================================================
YEAR   JANUARY      FEBRUARY      MARCH        APRIL         MAY          JUNE         JULY        AUGUST     SEPTEMBER     OCTOBER      NOVEMBER     DECEMBER
---------------------------------------------------------------------------------------------------------------------------------------------------------------
       R/F %DEP.    R/F %DEP.    R/F %DEP.    R/F %DEP.    R/F %DEP.    R/F %DEP.    R/F %DEP.    R/F %DEP.    R/F %DEP.    R/F %DEP.    R/F %DEP.    R/F %DEP.
---------------------------------------------------------------------------------------------------------------------------------------------------------------

2009   3.7   -79    0.0  -100   41.7   -30   54.3   -45   61.2    -5   42.3   131  103.7   283   42.7    18   81.9   -15   80.0   -57  274.7    97   27.8   -52

2010   4.8   -73    0.0  -100    1.1   -98   67.6   -25   94.8    51   80.6   336  118.9   280   45.9    46   95.7    25  167.7   -11  296.5   113   48.2    -6

2011   0.5   -97   54.6   181   21.7   -39  123.2    68   26.6   -55   93.2   324   65.5   101   96.9   191   36.6   -48  249.6    49  218.8    57   63.2    23

2012  25.8    61    4.0   -79    4.2   -88   78.0     6   40.9   -31   35.3    60   34.2     5   66.1    98   23.9   -66  199.3    19   80.6   -42   19.8   -61

2013   0.2   -99   44.4   129   63.5    79   43.0   -41   69.8    17   94.9   331   90.1   176  121.9   266   64.6    -8  149.8   -11   79.2   -43   28.9   -44

===============================================================================================================================================================
