                                                                  


District : TIRUNELVELI



===============================================================================================================================================================
YEAR   JANUARY      FEBRUARY      MARCH        APRIL         MAY          JUNE         JULY        AUGUST     SEPTEMBER     OCTOBER      NOVEMBER     DECEMBER
---------------------------------------------------------------------------------------------------------------------------------------------------------------
       R/F %DEP.    R/F %DEP.    R/F %DEP.    R/F %DEP.    R/F %DEP.    R/F %DEP.    R/F %DEP.    R/F %DEP.    R/F %DEP.    R/F %DEP.    R/F %DEP.    R/F %DEP.
---------------------------------------------------------------------------------------------------------------------------------------------------------------

2009   8.2   -80    0.0  -100   28.2   -32   69.9    13   25.8   -33   15.3   -26   54.1   134   30.0    74   27.9   -12  115.0   -17  405.4   109  133.0    37

2010  35.9   -13    0.1  -100    4.6   -89   43.2   -30   36.6    -5   26.0    26   63.4   174   15.6    -9   84.6   167  111.9   -19  291.7    51  152.2    57

2011  21.9   -38   52.6    55   44.7    -7   78.0    11    5.0   -90   49.1    30   21.2   -46   22.0   -18   15.4   -60  307.5    95  253.6    21   78.8   -21

2012  40.8    15   29.9   -12   30.4   -37   61.8   -12    8.5   -82    1.0   -97   16.0   -59   12.6   -53    7.3   -81  302.7    92  139.1   -34   74.0   -26

2013   2.1   -94   96.8   186  119.4   148   24.8   -65   25.5   -47  111.8   195   50.5    28   29.2     9   45.5    19   57.5   -63  263.8    26   91.5    -8

===============================================================================================================================================================
