                                                                  


District : TIRUVANNAMALAI



===============================================================================================================================================================
YEAR   JANUARY      FEBRUARY      MARCH        APRIL         MAY          JUNE         JULY        AUGUST     SEPTEMBER     OCTOBER      NOVEMBER     DECEMBER
---------------------------------------------------------------------------------------------------------------------------------------------------------------
       R/F %DEP.    R/F %DEP.    R/F %DEP.    R/F %DEP.    R/F %DEP.    R/F %DEP.    R/F %DEP.    R/F %DEP.    R/F %DEP.    R/F %DEP.    R/F %DEP.    R/F %DEP.
---------------------------------------------------------------------------------------------------------------------------------------------------------------

2009   6.4   -67    0.0  -100    1.0   -92    0.0  -100   31.1   -58   12.3   -78   46.7   -52   92.0   -34  241.0    38   55.9   -72  287.3    78   93.2    19

2010   5.1   -74    0.0  -100    0.0  -100    0.0  -100  124.2    69  107.9    93  114.4    18  113.5   -18  175.5     1  115.3   -42  350.6   117  188.7   141

2011   0.6   -96   44.6   278    0.0  -100   79.7   313   26.3   -61   32.1   -49  130.9    36  230.6    62  145.5   -13  163.8   -16  194.0    14  148.8    81

2012   0.0  -100    0.0  -100    0.1   -99   14.2   -26   42.6   -38   28.8   -54  171.7    79  187.9    32  110.2   -34  263.9    36  141.4   -17   99.7    21

2013   0.0  -100    4.0   -66   14.7    29    2.0   -90   55.7   -18   33.6   -46   54.7   -43  167.2    17  149.7   -11  179.3    -8  135.0   -21   17.2   -79

===============================================================================================================================================================
