                                                                  


District : TIRUVARUR



===============================================================================================================================================================
YEAR   JANUARY      FEBRUARY      MARCH        APRIL         MAY          JUNE         JULY        AUGUST     SEPTEMBER     OCTOBER      NOVEMBER     DECEMBER
---------------------------------------------------------------------------------------------------------------------------------------------------------------
       R/F %DEP.    R/F %DEP.    R/F %DEP.    R/F %DEP.    R/F %DEP.    R/F %DEP.    R/F %DEP.    R/F %DEP.    R/F %DEP.    R/F %DEP.    R/F %DEP.    R/F %DEP.
---------------------------------------------------------------------------------------------------------------------------------------------------------------

2009  31.9   -18    0.0  -100   92.3   348   63.4    74   47.0    -2    5.0   -84   10.7   -84  137.0    40   72.1   -32   65.8   -67  507.9    87  381.6    94

2010  39.7     2    0.0  -100    0.0  -100    2.5   -93  103.5   117  103.2   229   65.2    -1  183.5    87  180.6    70  186.5    -5  540.2    99  392.1   100

2011  30.1   -26   25.4    32    0.0  -100   75.9   125    7.6   -84   17.1   -49   38.2   -40   62.8   -33   95.8    -9  261.8    31  382.0    26   99.5   -54

2012   0.4   -99    0.1   -99    3.5   -80    5.0   -85   25.8   -45   17.2   -49   19.9   -69   97.7     4  122.2    16  531.8   166   97.5   -68   32.5   -85

2013  14.3   -65   24.8    29   75.2   337    7.8   -77   49.3     5   37.7    13   20.5   -68  162.4    73  138.0    31   68.3   -66  169.4   -44  150.7   -30

===============================================================================================================================================================
