                                                                  


District : TOOTHUKUDI



===============================================================================================================================================================
YEAR   JANUARY      FEBRUARY      MARCH        APRIL         MAY          JUNE         JULY        AUGUST     SEPTEMBER     OCTOBER      NOVEMBER     DECEMBER
---------------------------------------------------------------------------------------------------------------------------------------------------------------
       R/F %DEP.    R/F %DEP.    R/F %DEP.    R/F %DEP.    R/F %DEP.    R/F %DEP.    R/F %DEP.    R/F %DEP.    R/F %DEP.    R/F %DEP.    R/F %DEP.    R/F %DEP.
---------------------------------------------------------------------------------------------------------------------------------------------------------------

2009   6.8   -76    0.2   -99   16.8   -37   79.5    44   17.0   -44    1.2   -83    0.7   -96   18.7   -17   33.9   -17   56.0   -63  386.6   122   47.9   -43

2010  23.3   -18    0.0  -100    0.0  -100   18.9   -66   47.5    57    4.4   -37    7.9   -52   29.3    30  124.5   205  102.5   -32  300.9    73  125.6    49

2011   2.3   -91   11.4   -37    1.9   -93   39.8   -23    4.3   -86    0.0  -100    2.7   -83   15.2    -4   12.4   -66  305.6   102  196.0     6   49.3   -45

2012   2.9   -79    0.0  -100    0.2   -98   46.2    20   79.7    34   24.5   -22   28.3   -47   82.3    12   68.9   -49  218.6    26   69.5   -50    5.8   -93

2013  10.1   -59   35.4    95   32.6    12   12.8   -75    4.5   -85    0.9   -87    0.4   -97    5.1   -68    7.4   -80   72.0   -52  152.8   -18   76.8   -15

===============================================================================================================================================================
