                                                                  


District : TRICHY



===============================================================================================================================================================
YEAR   JANUARY      FEBRUARY      MARCH        APRIL         MAY          JUNE         JULY        AUGUST     SEPTEMBER     OCTOBER      NOVEMBER     DECEMBER
---------------------------------------------------------------------------------------------------------------------------------------------------------------
       R/F %DEP.    R/F %DEP.    R/F %DEP.    R/F %DEP.    R/F %DEP.    R/F %DEP.    R/F %DEP.    R/F %DEP.    R/F %DEP.    R/F %DEP.    R/F %DEP.    R/F %DEP.
---------------------------------------------------------------------------------------------------------------------------------------------------------------

2009   7.6   -48    0.0  -100    3.6   -70   19.2   -46   28.8   -54   21.1   -19    8.4   -83  109.4    53   92.4   -26   32.4   -81  269.0   129   83.9    28

2010   7.5   -49    0.0  -100    0.0  -100    1.7   -95  131.5   121   62.3   114   46.0   -15   81.0     5   67.9   -49  128.1   -30  282.2   118   97.9    33

2011   1.9   -86    3.2   -65    2.9   -75   78.1   103   16.7   -72    5.9   -81   18.2   -66  114.1    55  125.8    -7  224.0    29  225.0    61   32.5   -59

2012   7.9   -68    8.3   -54   35.9    23   28.0   -46    8.9   -71    0.0  -100    0.0  -100    0.4   -97    0.0  -100  198.0    31   99.0   -47   33.4   -63

2013   0.8   -94    5.7   -37   14.4    22    1.6   -96   42.2   -29    5.4   -83    1.3   -98   83.3    13  117.9   -13   85.5   -51  127.1    -9   37.7   -52

===============================================================================================================================================================
