                                                                  


District : VELLORE



===============================================================================================================================================================
YEAR   JANUARY      FEBRUARY      MARCH        APRIL         MAY          JUNE         JULY        AUGUST     SEPTEMBER     OCTOBER      NOVEMBER     DECEMBER
---------------------------------------------------------------------------------------------------------------------------------------------------------------
       R/F %DEP.    R/F %DEP.    R/F %DEP.    R/F %DEP.    R/F %DEP.    R/F %DEP.    R/F %DEP.    R/F %DEP.    R/F %DEP.    R/F %DEP.    R/F %DEP.    R/F %DEP.
---------------------------------------------------------------------------------------------------------------------------------------------------------------

2009   2.4   -83    0.0  -100    1.2   -88   10.8   -39   71.1    -4   44.5   -25   17.5   -84  120.7    -1  251.7    69   17.4   -89  154.1    17   67.3    11

2010   9.5   -32    0.0  -100    0.0  -100   19.7    11  112.4    52  116.8    96  123.3    10   99.7   -18  117.0   -21   88.9   -45  234.0    77   87.8    45

2011   0.0  -100   34.4   406    0.0  -100   66.4   198   43.6   -42   23.1   -65  139.9    30  182.0    41  121.2   -26  123.7   -24  167.3    32   81.2    39

2012   3.4   -58    0.0  -100    0.6   -93   10.0   -55   44.0   -41   49.4   -25  130.1    21  120.6    -7   74.0   -55  195.5    20  124.1    -2   58.2     0

2013   0.0  -100   20.9   207   25.0   172   16.6   -26   70.4    -6   82.0    24   54.0   -50  127.3    -1  191.8    17  145.0   -11   55.8   -56    3.8   -93

===============================================================================================================================================================
