                                                                  


District : DIU




===============================================================================================================================================================
YEAR   JANUARY      FEBRUARY      MARCH        APRIL         MAY          JUNE         JULY        AUGUST     SEPTEMBER     OCTOBER      NOVEMBER     DECEMBER
---------------------------------------------------------------------------------------------------------------------------------------------------------------
       R/F %DEP.    R/F %DEP.    R/F %DEP.    R/F %DEP.    R/F %DEP.    R/F %DEP.    R/F %DEP.    R/F %DEP.    R/F %DEP.    R/F %DEP.    R/F %DEP.    R/F %DEP.
---------------------------------------------------------------------------------------------------------------------------------------------------------------

2009   0.0  -100    0.0  -100    0.0  -100    0.0  -100    0.0  -100  124.3   -10  763.5   205    6.3   -95    5.5   -90    3.0   -87    5.0   -79    0.0  -100

2010   0.0  -100    0.0  -100    0.0  -100    0.0  -100    0.0  -100   73.7   -46  793.2   217  285.6   115   30.6   -43    0.0  -100    0.0  -100    0.0  -100

2011   0.0  -100    0.0  -100    0.0  -100    0.0  -100    0.0  -100   51.3   -69  260.9    -7  170.8    28  246.7   287    0.0  -100    0.0  -100    0.0  -100

2012   0.0  -100    0.0  -100                 0.0  -100    0.0  -100    4.0   -98   88.8   -68   37.5   -72  245.5   285    0.0  -100    0.0  -100    0.0  -100

2013   0.0  -100    0.0  -100    0.0  -100    0.0  -100    0.0  -100  259.6    55  239.4   -15  133.0     0  180.4   183   99.4   206    0.0  -100    0.0  -100

===============================================================================================================================================================
