                                                                  


District : AHMEDABAD



===============================================================================================================================================================
YEAR   JANUARY      FEBRUARY      MARCH        APRIL         MAY          JUNE         JULY        AUGUST     SEPTEMBER     OCTOBER      NOVEMBER     DECEMBER
---------------------------------------------------------------------------------------------------------------------------------------------------------------
       R/F %DEP.    R/F %DEP.    R/F %DEP.    R/F %DEP.    R/F %DEP.    R/F %DEP.    R/F %DEP.    R/F %DEP.    R/F %DEP.    R/F %DEP.    R/F %DEP.    R/F %DEP.
---------------------------------------------------------------------------------------------------------------------------------------------------------------

2009   0.0  -100    0.0  -100    0.0  -100    0.0  -100    0.0  -100    4.7   -94  265.5     6  103.2   -51    8.8   -93    4.9   -64    0.0  -100    0.0  -100

2010   0.2   -89    0.0  -100                 0.0  -100    0.0  -100   46.7   -42  335.9    35  421.0   101  241.7   103    0.9   -93   50.7   511    0.2   -92

2011   0.0  -100    0.0  -100    0.0  -100    0.0  -100    0.0  -100    3.1   -97  254.2    18  295.0    55   62.9   -40    0.0  -100    0.0  -100    0.0  -100

2012   0.0  -100    0.0  -100    0.0  -100    0.3   -57    0.0  -100   25.8   -72   66.1   -69  133.1   -30  181.4    72    0.0  -100    0.0  -100    0.0  -100

2013   0.0  -100    0.0  -100    0.1   -80   10.6  1414    0.0  -100  126.0    38  333.2    55  159.9   -16  235.6   124   63.3   231    0.3   -96    0.0  -100

===============================================================================================================================================================
