                                                                  


District : AMRELI



===============================================================================================================================================================
YEAR   JANUARY      FEBRUARY      MARCH        APRIL         MAY          JUNE         JULY        AUGUST     SEPTEMBER     OCTOBER      NOVEMBER     DECEMBER
---------------------------------------------------------------------------------------------------------------------------------------------------------------
       R/F %DEP.    R/F %DEP.    R/F %DEP.    R/F %DEP.    R/F %DEP.    R/F %DEP.    R/F %DEP.    R/F %DEP.    R/F %DEP.    R/F %DEP.    R/F %DEP.    R/F %DEP.
---------------------------------------------------------------------------------------------------------------------------------------------------------------

2009   0.0  -100    0.0  -100    0.0  -100    0.0  -100    0.0  -100   56.4   -45  360.4    87   70.8   -46   16.9   -82    5.2   -75    3.2   -82    0.2   -75

2010   0.0  -100    0.0  -100    0.0  -100    0.0  -100    0.0  -100  110.2     7  348.4    81  197.9    52  178.5    94   16.8   -20   79.3   341    0.0  -100

2011   0.0  -100    0.1   -50    0.0  -100    0.0  -100    0.0  -100    7.5   -93  336.0    76  241.6    91   90.7    -6   10.1   -60    0.0  -100    0.0  -100

2012   0.0  -100    0.0  -100    0.0  -100    0.1   -50    0.0  -100   42.1   -60   53.4   -72   55.0   -56  180.1    87   14.0   -45    0.0  -100    0.0  -100

2013   0.0  -100    0.0  -100    0.0  -100   36.2 18000    1.1   -66  194.8    86  242.6    27   99.1   -21  238.3   147   89.1   251    0.0  -100    0.0  -100

===============================================================================================================================================================
