                                                                  


District : ANAND



===============================================================================================================================================================
YEAR   JANUARY      FEBRUARY      MARCH        APRIL         MAY          JUNE         JULY        AUGUST     SEPTEMBER     OCTOBER      NOVEMBER     DECEMBER
---------------------------------------------------------------------------------------------------------------------------------------------------------------
       R/F %DEP.    R/F %DEP.    R/F %DEP.    R/F %DEP.    R/F %DEP.    R/F %DEP.    R/F %DEP.    R/F %DEP.    R/F %DEP.    R/F %DEP.    R/F %DEP.    R/F %DEP.
---------------------------------------------------------------------------------------------------------------------------------------------------------------

2009   0.0  -100    0.0  -100    0.0  -100    0.0  -100    0.0  -100    0.6   -99  246.9   -20   95.3   -64   10.0   -93    3.0   -83    1.3   -91    0.0  -100

2010   0.0  -100    0.0  -100    0.0  -100    0.0  -100    0.0  -100   35.3   -65  192.1   -38  433.7    65  170.0    16    0.2   -99   32.2   119    0.0  -100

2011   0.0  -100    0.0  -100    0.0  -100    0.0  -100    0.0  -100    0.1  -100  205.4   -26  431.9    65   93.1   -29    0.0  -100    0.0  -100    0.0  -100

2012   0.0  -100    0.0  -100    0.0  -100    0.2   -50    0.0  -100   11.1   -91  171.6   -38  210.1   -20  178.1    36    0.0  -100    0.0  -100    0.0  -100

2013   0.0  -100    0.0  -100    0.0  -100    1.7   325    0.1   -97  121.0     1  475.2    71  250.6    -4  289.3   121   21.5    12    0.3   -98    0.0  -100

===============================================================================================================================================================
