                                                                  


District : BANASKANTHA



===============================================================================================================================================================
YEAR   JANUARY      FEBRUARY      MARCH        APRIL         MAY          JUNE         JULY        AUGUST     SEPTEMBER     OCTOBER      NOVEMBER     DECEMBER
---------------------------------------------------------------------------------------------------------------------------------------------------------------
       R/F %DEP.    R/F %DEP.    R/F %DEP.    R/F %DEP.    R/F %DEP.    R/F %DEP.    R/F %DEP.    R/F %DEP.    R/F %DEP.    R/F %DEP.    R/F %DEP.    R/F %DEP.
---------------------------------------------------------------------------------------------------------------------------------------------------------------

2009   0.0  -100    0.0  -100    0.3   -90    0.0  -100    0.0  -100    9.9   -84  283.1    11   74.1   -65    2.5   -97    0.0  -100    0.0  -100    0.0  -100

2010   0.8   -64    0.0  -100    0.0  -100    0.0  -100    0.0  -100   35.8   -43  404.0    58  331.3    55  138.4    41    0.0  -100   75.9   861    0.1   -95

2011   0.0  -100    0.1   -92    0.0  -100    0.0  -100    0.0  -100    0.0  -100  165.6   -25  362.3   100  262.4   166    0.0  -100    0.0  -100    0.0  -100

2012   0.0  -100    0.0  -100    0.0  -100    0.0  -100    0.0  -100   22.6   -64  109.5   -50  133.0   -27  173.9    76    0.2   -99    0.0  -100    0.0  -100

2013   0.0  -100    3.9   200    0.3   -88    9.5   956    0.0  -100  130.3   106  314.4    43  162.6   -10  265.8   170   79.5   376    0.0  -100    0.0  -100

===============================================================================================================================================================
