                                                                  


District : BARODA



===============================================================================================================================================================
YEAR   JANUARY      FEBRUARY      MARCH        APRIL         MAY          JUNE         JULY        AUGUST     SEPTEMBER     OCTOBER      NOVEMBER     DECEMBER
---------------------------------------------------------------------------------------------------------------------------------------------------------------
       R/F %DEP.    R/F %DEP.    R/F %DEP.    R/F %DEP.    R/F %DEP.    R/F %DEP.    R/F %DEP.    R/F %DEP.    R/F %DEP.    R/F %DEP.    R/F %DEP.    R/F %DEP.
---------------------------------------------------------------------------------------------------------------------------------------------------------------

2009   0.0  -100    0.0  -100    0.0  -100    0.0  -100    0.0  -100   12.8   -90  308.1   -10  123.0   -62   40.3   -76   28.8    17   12.8   -18    0.4   -86

2010   0.0  -100    0.0  -100    0.0  -100    0.0  -100    0.0  -100   48.0   -64  290.1   -15  374.7    16  214.8    29    0.6   -98   21.9    40    0.0  -100

2011   0.0  -100    0.0    0     0.0  -100    0.0  -100    0.0  -100    5.0   -96  253.4   -24  487.6    59  120.2   -27    0.0  -100    0.0  -100    0.0  -100

2012   0.0  -100    0.0  -100    0.0  -100    0.0  -100    0.0  -100   15.5   -89  135.9   -59  260.0   -15  211.5    28    1.7   -93    0.0  -100    0.0  -100

2013   0.0  -100    0.0  -100    0.0  -100    0.6   -25    0.0  -100  136.0    -2  466.4    40  274.5   -10  522.8   216   41.7    61    0.1   -99    0.0  -100

===============================================================================================================================================================
