                                                                  


District : BHAVNAGAR



===============================================================================================================================================================
YEAR   JANUARY      FEBRUARY      MARCH        APRIL         MAY          JUNE         JULY        AUGUST     SEPTEMBER     OCTOBER      NOVEMBER     DECEMBER
---------------------------------------------------------------------------------------------------------------------------------------------------------------
       R/F %DEP.    R/F %DEP.    R/F %DEP.    R/F %DEP.    R/F %DEP.    R/F %DEP.    R/F %DEP.    R/F %DEP.    R/F %DEP.    R/F %DEP.    R/F %DEP.    R/F %DEP.
---------------------------------------------------------------------------------------------------------------------------------------------------------------

2009   0.0  -100    0.0  -100    0.0  -100    0.0  -100    0.0  -100   26.2   -75  256.2    33   46.3   -70   35.4   -68   16.8   -13    2.2   -81    0.0  -100

2010   0.2   -78    0.0  -100    0.0  -100    0.0  -100    0.0  -100   72.5   -32  244.4    27  214.2    37  200.0    80    6.3   -67   52.4   344    0.0  -100

2011   0.0  -100    0.0  -100    0.0  -100    0.0  -100    0.0  -100    1.4   -99  233.8    31  240.8    72   89.5   -13    8.1   -64    0.0  -100    0.0  -100

2012   0.0  -100    0.0  -100    0.0  -100    0.0  -100    0.7   -76   53.2   -54   89.8   -50   79.1   -44  142.3    38   16.4   -26    0.0  -100    0.0  -100

2013   0.0  -100    0.0  -100    0.0  -100   44.1 44000    0.0  -100  181.9    57  256.7    44  151.7     8  245.2   137   53.5   141    0.1   -99    0.0  -100

===============================================================================================================================================================
