                                                                  


District : BROACH



===============================================================================================================================================================
YEAR   JANUARY      FEBRUARY      MARCH        APRIL         MAY          JUNE         JULY        AUGUST     SEPTEMBER     OCTOBER      NOVEMBER     DECEMBER
---------------------------------------------------------------------------------------------------------------------------------------------------------------
       R/F %DEP.    R/F %DEP.    R/F %DEP.    R/F %DEP.    R/F %DEP.    R/F %DEP.    R/F %DEP.    R/F %DEP.    R/F %DEP.    R/F %DEP.    R/F %DEP.    R/F %DEP.
---------------------------------------------------------------------------------------------------------------------------------------------------------------

2009   0.0  -100    0.0  -100    0.0  -100    0.0  -100    0.0  -100   12.0   -91  250.8   -23   81.2   -65   44.7   -73   38.4    50    3.3   -67    0.0  -100

2010   0.0  -100    0.0  -100    0.0  -100    0.0  -100    0.0  -100   47.4   -65  290.5   -10  247.1     8  286.5    71   11.8   -54   19.3    91    0.0  -100

2011   0.0  -100    0.0  -100    0.0  -100    0.0  -100    0.0  -100   18.9   -86  151.3   -47  309.2    40  130.6   -11    0.5   -98    0.0  -100    0.0  -100

2012   0.0  -100    0.0  -100    0.0  -100    0.0  -100    0.0  -100   38.7   -71   73.2   -74   91.7   -59  192.4    31    5.7   -75    0.0  -100    0.0  -100

2013   0.0  -100    0.0  -100    0.0  -100    0.1     0    0.0  -100  144.7     7  348.6    23  154.2   -30  474.8   224   42.7    86    0.0  -100    0.0  -100

===============================================================================================================================================================
