                                                                  


District : DAHOD



===============================================================================================================================================================
YEAR   JANUARY      FEBRUARY      MARCH        APRIL         MAY          JUNE         JULY        AUGUST     SEPTEMBER     OCTOBER      NOVEMBER     DECEMBER
---------------------------------------------------------------------------------------------------------------------------------------------------------------
       R/F %DEP.    R/F %DEP.    R/F %DEP.    R/F %DEP.    R/F %DEP.    R/F %DEP.    R/F %DEP.    R/F %DEP.    R/F %DEP.    R/F %DEP.    R/F %DEP.    R/F %DEP.
---------------------------------------------------------------------------------------------------------------------------------------------------------------

2009   0.0  -100    0.0  -100    0.0  -100    0.0  -100    0.0  -100   20.0   -80  221.0   -23  103.9   -63   56.3   -64   26.9    -1   11.1   -17    0.0  -100

2010   0.0  -100    0.0  -100    0.0  -100    0.0  -100    0.0  -100   54.4   -46  158.4   -45  249.9   -12  115.3   -26    0.0  -100    8.1   -40    0.0  -100

2011   0.0  -100    0.0  -100    0.0  -100    0.0  -100    0.0  -100   10.6   -90  146.1   -49  338.6    16   77.0   -54    0.0  -100    0.0  -100    0.0  -100

2012   0.0  -100    0.0  -100    0.0  -100    0.0  -100    0.0  -100   24.9   -78  193.0   -32  324.3    11  186.9    13    2.6   -91    0.0  -100    0.0  -100

2013   0.0  -100    0.0  -100    0.0  -100    3.0   200    0.0  -100   81.2   -27  312.0    10  232.8   -20  120.8   -27   52.5    89    0.0  -100    0.0  -100

===============================================================================================================================================================
