                                                                  


District : DANGS



===============================================================================================================================================================
YEAR   JANUARY      FEBRUARY      MARCH        APRIL         MAY          JUNE         JULY        AUGUST     SEPTEMBER     OCTOBER      NOVEMBER     DECEMBER
---------------------------------------------------------------------------------------------------------------------------------------------------------------
       R/F %DEP.    R/F %DEP.    R/F %DEP.    R/F %DEP.    R/F %DEP.    R/F %DEP.    R/F %DEP.    R/F %DEP.    R/F %DEP.    R/F %DEP.    R/F %DEP.    R/F %DEP.
---------------------------------------------------------------------------------------------------------------------------------------------------------------

2009   0.0  -100    0.0  -100    0.0  -100    0.0  -100    0.0  -100   37.0   -84  866.0     6  154.0   -73  250.0   -28  166.0   225   59.0   288    0.0  -100

2010   0.0  -100    0.0  -100    0.0  -100    0.0  -100    0.0  -100  176.0   -24  427.0   -48  788.0    41  312.0   -11   40.0   -22  144.0   847    0.0  -100

2011   0.0  -100    0.0  -100    0.0  -100    0.0  -100    0.0  -100   62.0   -76  1017.0   36  386.0   -34  117.5   -68   27.0   -59    0.0  -100    0.0  -100

2012   0.0  -100    0.0  -100    0.0  -100    0.0  -100    0.0  -100   79.0   -69  471.5   -37  637.7     8  218.7   -40   43.3   -34    0.0  -100    0.0  -100

2013   0.0  -100    0.3   -70    0.0  -100    3.0   -12    0.0  -100  209.4   -19  521.5   -30  400.5   -32  460.2    26   44.4   -33    2.7   -79    0.0  -100

===============================================================================================================================================================
