                                                                  


District : GANDHINAGAR



===============================================================================================================================================================
YEAR   JANUARY      FEBRUARY      MARCH        APRIL         MAY          JUNE         JULY        AUGUST     SEPTEMBER     OCTOBER      NOVEMBER     DECEMBER
---------------------------------------------------------------------------------------------------------------------------------------------------------------
       R/F %DEP.    R/F %DEP.    R/F %DEP.    R/F %DEP.    R/F %DEP.    R/F %DEP.    R/F %DEP.    R/F %DEP.    R/F %DEP.    R/F %DEP.    R/F %DEP.    R/F %DEP.
---------------------------------------------------------------------------------------------------------------------------------------------------------------

2009   0.0  -100    0.0  -100    0.0  -100    0.0  -100    0.0  -100    1.5   -98  381.1    32  115.6   -49    3.3   -98    8.6   -46    0.0  -100    0.0  -100

2010   0.0  -100    0.0  -100    0.0  -100    0.0  -100    0.0  -100   81.8    15  341.6    19  307.5    35  168.8    20    0.0  -100   20.9   203    0.6   -74

2011   0.0  -100    0.0  -100    0.0  -100    0.0  -100    0.0  -100    9.3   -87  217.0   -23  346.0    55   92.7   -34    0.0  -100    0.0  -100    0.0  -100

2012   1.0    11    0.0  -100    0.0  -100    0.4     0    0.0  -100   40.5   -44   65.4   -77  233.1     4  257.0    84    0.0  -100    0.0  -100    0.0  -100

2013   0.0  -100    5.7   850    1.0    43    0.9   125    0.0  -100   93.8    30  412.4    47  252.3    13  206.1    48   75.0   305    0.8   -88    0.0  -100

===============================================================================================================================================================
