                                                                  


District : JAMNAGAR



===============================================================================================================================================================
YEAR   JANUARY      FEBRUARY      MARCH        APRIL         MAY          JUNE         JULY        AUGUST     SEPTEMBER     OCTOBER      NOVEMBER     DECEMBER
---------------------------------------------------------------------------------------------------------------------------------------------------------------
       R/F %DEP.    R/F %DEP.    R/F %DEP.    R/F %DEP.    R/F %DEP.    R/F %DEP.    R/F %DEP.    R/F %DEP.    R/F %DEP.    R/F %DEP.    R/F %DEP.    R/F %DEP.
---------------------------------------------------------------------------------------------------------------------------------------------------------------

2009   0.0  -100    0.0  -100    0.0  -100    0.0  -100    0.0  -100  128.4    55  629.7   212  142.8     3   12.5   -75    4.4   -56    0.2   -98    0.0  -100

2010   0.3   -40    0.0  -100    0.0  -100    0.0  -100    0.0  -100  112.2    35  619.3   207  471.9   241  237.1   372    3.0   -70   62.0   421    0.0  -100

2011   0.0  -100    0.4   -60    0.0  -100    0.0  -100    0.0  -100   24.2   -73  208.9     6  201.6    71  359.4   512    0.0  -100    0.1   -99    0.0  -100

2012   0.0  -100    0.0  -100    0.0  -100    0.0  -100    0.0  -100   17.5   -80   38.2   -81   21.8   -82  288.9   392    0.0  -100    0.0  -100    0.8    14

2013   1.3   117    0.6   -40    0.1   -96    0.0  -100    0.0  -100  180.9   103  236.6    20  115.8    -2  362.2   517   36.6   118    0.0  -100    0.0  -100

===============================================================================================================================================================
