                                                                  


District : JUNAGARH



===============================================================================================================================================================
YEAR   JANUARY      FEBRUARY      MARCH        APRIL         MAY          JUNE         JULY        AUGUST     SEPTEMBER     OCTOBER      NOVEMBER     DECEMBER
---------------------------------------------------------------------------------------------------------------------------------------------------------------
       R/F %DEP.    R/F %DEP.    R/F %DEP.    R/F %DEP.    R/F %DEP.    R/F %DEP.    R/F %DEP.    R/F %DEP.    R/F %DEP.    R/F %DEP.    R/F %DEP.    R/F %DEP.
---------------------------------------------------------------------------------------------------------------------------------------------------------------

2009   0.0  -100    0.0  -100    0.0  -100    0.0  -100    0.0  -100  204.9     7  1035.7  225   66.9   -63   16.4   -83    2.4   -90    7.6   -54    0.0  -100

2010   0.0  -100    0.0  -100    0.0  -100    0.0  -100    1.0   -44   88.7   -53  686.8   116  540.1   196  267.1   178   30.5    21   87.5   430    0.0  -100

2011   0.0  -100    0.0  -100    0.0  -100    0.4   300    0.0  -100  166.3   -13  316.1    -5  402.5   143  186.1    91    8.7   -68    0.0  -100    0.0  -100

2012   0.0  -100    0.0  -100    0.0  -100    0.4   300    0.0  -100   17.4   -91   70.5   -79   66.4   -60  275.1   182    0.0  -100    0.0  -100    0.0  -100

2013   0.0  -100    0.0  -100    0.0  -100    0.6   500    0.0  -100  404.7   113  368.2    10  100.7   -39  241.8   148   76.4   177    0.0  -100    0.0  -100

===============================================================================================================================================================
