                                                                  


District : KHEDA



===============================================================================================================================================================
YEAR   JANUARY      FEBRUARY      MARCH        APRIL         MAY          JUNE         JULY        AUGUST     SEPTEMBER     OCTOBER      NOVEMBER     DECEMBER
---------------------------------------------------------------------------------------------------------------------------------------------------------------
       R/F %DEP.    R/F %DEP.    R/F %DEP.    R/F %DEP.    R/F %DEP.    R/F %DEP.    R/F %DEP.    R/F %DEP.    R/F %DEP.    R/F %DEP.    R/F %DEP.    R/F %DEP.
---------------------------------------------------------------------------------------------------------------------------------------------------------------

2009   0.0  -100    0.0  -100    0.0  -100    0.0  -100    0.0  -100    1.7   -98  285.0   -12  144.8   -44    3.0   -98   13.6   -11    2.8   -75    0.0  -100

2010   0.0  -100    0.0  -100    0.0  -100    0.0  -100    0.0  -100   21.9   -79  264.8   -18  408.6    57  117.3   -20    0.0  -100   33.8   196    0.6   -57

2011   0.0  -100    0.0  -100    0.0  -100    0.0  -100    0.0  -100    4.1   -96  145.8   -50  374.6    44   59.8   -60    0.0  -100    0.0  -100    0.0  -100

2012   0.0  -100    0.0  -100    0.0  -100    0.0  -100    0.0  -100   25.0   -77  124.9   -57  222.5   -14  272.0    81    0.0  -100    0.0  -100    0.0  -100

2013   0.0  -100    0.0  -100    0.0  -100    6.8  1600    0.0  -100  127.9    16  409.8    41  191.5   -26  231.9    54   59.3   229    0.0  -100    0.0  -100

===============================================================================================================================================================
