                                                                  


District : KUTCH



===============================================================================================================================================================
YEAR   JANUARY      FEBRUARY      MARCH        APRIL         MAY          JUNE         JULY        AUGUST     SEPTEMBER     OCTOBER      NOVEMBER     DECEMBER
---------------------------------------------------------------------------------------------------------------------------------------------------------------
       R/F %DEP.    R/F %DEP.    R/F %DEP.    R/F %DEP.    R/F %DEP.    R/F %DEP.    R/F %DEP.    R/F %DEP.    R/F %DEP.    R/F %DEP.    R/F %DEP.    R/F %DEP.
---------------------------------------------------------------------------------------------------------------------------------------------------------------

2009   0.0  -100    0.0  -100    0.0  -100    0.0  -100    0.0  -100   42.4    -7  323.5   105  124.6     4    6.4   -89    0.9   -90    0.1   -99    0.0  -100

2010   0.3   -77    0.0  -100    0.0  -100    0.0  -100    0.0  -100   52.7    16  344.3   118  283.0   136  153.3   171    0.0  -100   54.2   545    0.0  -100

2011   0.0  -100    4.5   543    0.0  -100    0.0  -100    0.0  -100    1.2   -97   77.3   -49  312.5   201  244.0   301    2.3   -82    0.2   -97    0.0  -100

2012   0.0  -100    0.0  -100    0.0  -100    0.3    50    0.0  -100    3.1   -93    6.3   -96   12.7   -88  228.8   276    0.0  -100    0.0  -100    2.2    69

2013   4.1   583    0.3   -57    0.2   -88    4.1  1950    0.0  -100   69.8    55  147.2    -3   86.6   -17  326.9   438   12.9     3    0.0  -100    0.0  -100

===============================================================================================================================================================
