                                                                  


District : MEHSANA



===============================================================================================================================================================
YEAR   JANUARY      FEBRUARY      MARCH        APRIL         MAY          JUNE         JULY        AUGUST     SEPTEMBER     OCTOBER      NOVEMBER     DECEMBER
---------------------------------------------------------------------------------------------------------------------------------------------------------------
       R/F %DEP.    R/F %DEP.    R/F %DEP.    R/F %DEP.    R/F %DEP.    R/F %DEP.    R/F %DEP.    R/F %DEP.    R/F %DEP.    R/F %DEP.    R/F %DEP.    R/F %DEP.
---------------------------------------------------------------------------------------------------------------------------------------------------------------

2009   0.0  -100    0.0  -100    0.0  -100    0.0  -100    0.0  -100    1.3   -98  284.7    13  152.2   -34    9.6   -92    0.5   -97    0.0  -100    0.0  -100

2010   0.0  -100    0.0  -100    0.0  -100    0.0  -100    0.0  -100   62.1   -15  345.3    37  281.4    22   97.5   -18    0.0  -100   37.4   302    0.1   -96

2011   0.0  -100    0.0  -100    0.0  -100    0.0  -100    0.0  -100    0.2  -100  184.8   -26  385.7    85  177.8    42    0.0  -100    0.0  -100    0.0  -100

2012   2.0    54    0.0  -100    0.0  -100    0.0  -100    0.0  -100   26.5   -64  114.2   -54  126.7   -39  187.3    49    0.0  -100    0.0  -100    0.0  -100

2013   0.0  -100    1.4   133    0.0  -100    2.3   130    0.0  -100  109.9    49  455.1    83  138.9   -33  127.3     1   70.0   280    0.0  -100    0.0  -100

===============================================================================================================================================================
