                                                                  


District : NARMADA



===============================================================================================================================================================
YEAR   JANUARY      FEBRUARY      MARCH        APRIL         MAY          JUNE         JULY        AUGUST     SEPTEMBER     OCTOBER      NOVEMBER     DECEMBER
---------------------------------------------------------------------------------------------------------------------------------------------------------------
       R/F %DEP.    R/F %DEP.    R/F %DEP.    R/F %DEP.    R/F %DEP.    R/F %DEP.    R/F %DEP.    R/F %DEP.    R/F %DEP.    R/F %DEP.    R/F %DEP.    R/F %DEP.
---------------------------------------------------------------------------------------------------------------------------------------------------------------

2009   0.0  -100    0.0  -100    0.0  -100    0.0  -100    0.0  -100   10.3   -93  416.9     3  159.2   -56  119.0   -35   64.0   163   19.8    51    0.0  -100

2010   0.0  -100    0.0  -100    0.0  -100    0.0  -100    0.0  -100   81.1   -48  274.9   -32  296.8   -18  214.8    17   22.1    -9   23.2    77    0.0  -100

2011   0.0  -100    0.0    0     0.0  -100    0.0  -100    0.0  -100   35.0   -79  275.5   -32  531.2    52  162.1   -11   14.7   -44    0.0  -100    0.0  -100

2012   0.0  -100    0.0  -100    0.0  -100    0.0  -100    0.0  -100   22.4   -86  183.5   -55  284.7   -18  293.4    62    0.0  -100    0.0  -100    0.0  -100

2013   0.0  -100    0.0  -100    0.0  -100    0.0  -100    0.0  -100  184.5    12  383.7    -5  366.7     5  702.0   287   48.9    85    0.0  -100    0.0  -100

===============================================================================================================================================================
