                                                                  


District : NAVSARI



===============================================================================================================================================================
YEAR   JANUARY      FEBRUARY      MARCH        APRIL         MAY          JUNE         JULY        AUGUST     SEPTEMBER     OCTOBER      NOVEMBER     DECEMBER
---------------------------------------------------------------------------------------------------------------------------------------------------------------
       R/F %DEP.    R/F %DEP.    R/F %DEP.    R/F %DEP.    R/F %DEP.    R/F %DEP.    R/F %DEP.    R/F %DEP.    R/F %DEP.    R/F %DEP.    R/F %DEP.    R/F %DEP.
---------------------------------------------------------------------------------------------------------------------------------------------------------------

2009   0.0  -100    0.0  -100    0.0  -100    0.0  -100    0.0  -100   30.6   -89  983.4    30  162.6   -66  203.8   -29   71.6    85   34.4   169    0.0  -100

2010   0.0  -100    0.0  -100    0.0  -100    0.0  -100    0.0  -100  156.0   -42  553.6   -27  677.8    42  540.4    89   23.4   -40   30.8   141    0.0  -100

2011   0.0  -100    0.0  -100    0.0  -100    0.0   0      1.2   -83   76.6   -75  595.4   -18  938.8    94  284.3     0    6.2   -85    0.0  -100    0.0  -100

2012   0.0  -100    0.0  -100    0.0  -100    0.0  -100    0.0  -100  104.0   -66  303.3   -58  253.5   -48  397.7    40   15.0   -64    0.0  -100    0.0  -100

2013   0.0  -100    0.0  -100    0.0  -100    2.3 23000    0.0  -100  423.9    39  726.9     0  342.5   -29  512.4    80   40.4    -4    0.0  -100    0.0  -100

===============================================================================================================================================================
