                                                                  


District : PANCHMAHAL



===============================================================================================================================================================
YEAR   JANUARY      FEBRUARY      MARCH        APRIL         MAY          JUNE         JULY        AUGUST     SEPTEMBER     OCTOBER      NOVEMBER     DECEMBER
---------------------------------------------------------------------------------------------------------------------------------------------------------------
       R/F %DEP.    R/F %DEP.    R/F %DEP.    R/F %DEP.    R/F %DEP.    R/F %DEP.    R/F %DEP.    R/F %DEP.    R/F %DEP.    R/F %DEP.    R/F %DEP.    R/F %DEP.
---------------------------------------------------------------------------------------------------------------------------------------------------------------

2009   0.0  -100    0.0  -100    0.0  -100    0.0  -100    0.0  -100   14.4   -87  258.9   -23  151.1   -55   37.6   -77   15.1   -29   10.1   -22    0.0  -100

2010   0.0  -100    0.0  -100    0.0  -100    0.0  -100    0.0  -100   36.9   -68  168.5   -50  338.7     1  163.9    -2    0.0  -100    2.9   -78    0.0  -100

2011   0.0  -100    0.0  -100    0.0  -100    0.0  -100    0.0  -100    0.8   -99  206.8   -34  440.4    37   98.6   -40    0.0  -100    0.0  -100    0.0  -100

2012   0.0  -100    0.0  -100    0.0  -100    0.0  -100    0.0  -100   14.4   -87  178.2   -43  303.3    -6  282.8    73    0.0  -100    0.0  -100    0.0  -100

2013   0.0  -100    0.0  -100    0.0  -100    8.5  2733    0.4   -93  103.3   -10  450.1    44  275.1   -15  195.7    20   70.4   179    0.0  -100    0.0  -100

===============================================================================================================================================================
