                                                                  


District : RAJKOT



===============================================================================================================================================================
YEAR   JANUARY      FEBRUARY      MARCH        APRIL         MAY          JUNE         JULY        AUGUST     SEPTEMBER     OCTOBER      NOVEMBER     DECEMBER
---------------------------------------------------------------------------------------------------------------------------------------------------------------
       R/F %DEP.    R/F %DEP.    R/F %DEP.    R/F %DEP.    R/F %DEP.    R/F %DEP.    R/F %DEP.    R/F %DEP.    R/F %DEP.    R/F %DEP.    R/F %DEP.    R/F %DEP.
---------------------------------------------------------------------------------------------------------------------------------------------------------------

2009   0.0  -100    0.0  -100    0.0  -100    0.0  -100    0.0  -100   27.4   -70  419.1    78   88.6   -44    3.8   -96    0.1  -100    1.8   -82    0.0  -100

2010   0.0  -100    0.0  -100    0.0  -100    0.0  -100    0.0  -100   93.8     2  416.6    76  449.7   182  208.9   141    2.6   -87   76.4   680    0.0  -100

2011   0.0  -100    0.0   0      0.0  -100    0.0  -100    0.0  -100   27.3   -72  380.3    76  298.6   107  162.0    95    1.9   -92    0.0  -100    0.0  -100

2012   0.0  -100    0.0  -100    0.0  -100    0.0  -100    0.0  -100   54.2   -44   55.3   -74   34.0   -76  195.3   136    1.7   -93    0.0  -100    0.0  -100

2013   0.0  -100    0.0  -100    0.0  -100    7.6  1800    0.4   -86  222.2   130  252.4    17  114.1   -21  394.1   375   37.2    62    0.0  -100    0.0  -100

===============================================================================================================================================================
