                                                                  


District : SABARKANTHA



===============================================================================================================================================================
YEAR   JANUARY      FEBRUARY      MARCH        APRIL         MAY          JUNE         JULY        AUGUST     SEPTEMBER     OCTOBER      NOVEMBER     DECEMBER
---------------------------------------------------------------------------------------------------------------------------------------------------------------
       R/F %DEP.    R/F %DEP.    R/F %DEP.    R/F %DEP.    R/F %DEP.    R/F %DEP.    R/F %DEP.    R/F %DEP.    R/F %DEP.    R/F %DEP.    R/F %DEP.    R/F %DEP.
---------------------------------------------------------------------------------------------------------------------------------------------------------------

2009   0.0  -100    0.0  -100    0.0  -100    0.0  -100    0.0  -100   13.0   -84  404.9    45  209.6   -19   29.3   -78    3.1   -83    0.6   -93    0.0  -100

2010   0.0  -100    0.0  -100    0.0  -100    0.0  -100    0.0  -100   39.6   -52  321.7    15  375.5    45  133.0     0    0.0  -100   25.8   193    2.1   -19

2011   0.0  -100    0.0  -100    0.0  -100    0.0  -100    0.0  -100    2.5   -97  262.3    -9  547.2   110  181.8    30    0.0  -100    0.0  -100    0.0  -100

2012   0.0  -100    0.0  -100    0.0  -100    0.2   -86    0.0  -100   17.0   -81  225.9   -22  167.6   -36  381.4   173    0.0  -100    0.0  -100    0.0  -100

2013   0.0  -100    4.0   567    0.0  -100   19.5  1293    0.0  -100  111.2    25  472.3    63  262.0     0  181.1    30   84.6   357    0.0  -100    0.0  -100

===============================================================================================================================================================
