                                                                  


District : SURAT



===============================================================================================================================================================
YEAR   JANUARY      FEBRUARY      MARCH        APRIL         MAY          JUNE         JULY        AUGUST     SEPTEMBER     OCTOBER      NOVEMBER     DECEMBER
---------------------------------------------------------------------------------------------------------------------------------------------------------------
       R/F %DEP.    R/F %DEP.    R/F %DEP.    R/F %DEP.    R/F %DEP.    R/F %DEP.    R/F %DEP.    R/F %DEP.    R/F %DEP.    R/F %DEP.    R/F %DEP.    R/F %DEP.
---------------------------------------------------------------------------------------------------------------------------------------------------------------

2009   0.0  -100    0.0  -100    0.0  -100    0.0  -100    0.0  -100   30.8   -85  757.6    36  238.9   -39  181.8   -22   82.5   164   16.6    26    0.1   -95

2010   0.2     0    0.0  -100    0.0  -100    0.0  -100    0.0  -100   82.5   -60  460.5   -18  461.5    17  488.2   111   42.0    35   36.0   173    0.0  -100

2011   0.0   0      0.0  -100    0.0  -100    0.0  -100    0.0  -100   61.7   -72  382.1   -23  610.3    87  244.5    18    7.2   -77    0.0  -100    0.0  -100

2012   0.0  -100    0.0  -100    0.0  -100    0.0  -100    0.0  -100   58.1   -74  200.5   -60  179.6   -45  369.2    78    9.5   -70    0.0  -100    0.0  -100

2013   0.0  -100    0.0  -100    0.0  -100    1.2  1100    0.0  -100  416.9    87  642.2    30  328.7     1  516.7   149   53.0    67    0.0  -100    0.0  -100

===============================================================================================================================================================
