                                                                  


District : SURENDRANAGAR



===============================================================================================================================================================
YEAR   JANUARY      FEBRUARY      MARCH        APRIL         MAY          JUNE         JULY        AUGUST     SEPTEMBER     OCTOBER      NOVEMBER     DECEMBER
---------------------------------------------------------------------------------------------------------------------------------------------------------------
       R/F %DEP.    R/F %DEP.    R/F %DEP.    R/F %DEP.    R/F %DEP.    R/F %DEP.    R/F %DEP.    R/F %DEP.    R/F %DEP.    R/F %DEP.    R/F %DEP.    R/F %DEP.
---------------------------------------------------------------------------------------------------------------------------------------------------------------

2009   0.0  -100    0.0  -100    0.0  -100    0.0  -100    0.0  -100   32.1   -57  180.9    -6   65.9   -55    0.3  -100    0.2   -98    0.0  -100    0.0  -100

2010   0.0  -100    0.0  -100    0.0  -100    0.0  -100    0.0  -100   51.1   -31  281.2    47  304.4   106  108.9    26    3.3   -72   54.1   495    0.0  -100

2011   0.0  -100    0.0   0      0.0  -100    0.0  -100    0.0  -100    6.5   -93  311.5    85  240.3    62  101.7    22    0.5   -97    0.0  -100    0.0  -100

2012   0.0  -100    0.0  -100    0.0  -100    0.0  -100    0.0  -100   49.4   -50   26.8   -84   37.3   -75  217.1   161    0.1   -99    0.0  -100    0.0  -100

2013   0.0  -100    0.3  3000    0.0  -100    6.8  2167    0.0  -100  150.9    51  172.6     2   67.9   -54  250.0   200   23.8    36    0.0  -100    0.0  -100

===============================================================================================================================================================
