                                                                  


District : VALSAD



===============================================================================================================================================================
YEAR   JANUARY      FEBRUARY      MARCH        APRIL         MAY          JUNE         JULY        AUGUST     SEPTEMBER     OCTOBER      NOVEMBER     DECEMBER
---------------------------------------------------------------------------------------------------------------------------------------------------------------
       R/F %DEP.    R/F %DEP.    R/F %DEP.    R/F %DEP.    R/F %DEP.    R/F %DEP.    R/F %DEP.    R/F %DEP.    R/F %DEP.    R/F %DEP.    R/F %DEP.    R/F %DEP.
---------------------------------------------------------------------------------------------------------------------------------------------------------------

2009   0.0  -100    0.0  -100    0.0  -100    0.0  -100    0.0  -100  115.0   -64  1181.0   47  204.6   -61  234.0   -22   96.3   144   31.0   111    0.0  -100

2010   0.0  -100    0.0  -100    0.0  -100    0.0  -100    0.0  -100  202.4   -37  735.5    -8  720.1    38  502.0    68   47.1    19   28.3    93    0.0  -100

2011   0.0  -100    0.2   100    0.0  -100    0.0   0      0.0  -100   87.3   -75  824.5     7  963.8    85  359.1    17    3.9   -92    0.0  -100    0.0  -100

2012   0.0  -100    0.0  -100    0.0  -100    0.0  -100    0.0  -100  105.3   -70  523.9   -32  358.1   -31  472.2    54   37.7   -21    0.0  -100    0.0  -100

2013   0.0  -100    0.0  -100    0.0  -100    1.8 18000    0.3   -95  687.5    96  1093.2   42  425.5   -19  538.1    75   57.7    20    0.0  -100    0.0  -100

===============================================================================================================================================================
