District : ADILABAD
===============================================================================================================================================================
YEAR   JANUARY      FEBRUARY      MARCH        APRIL         MAY          JUNE         JULY        AUGUST     SEPTEMBER     OCTOBER      NOVEMBER     DECEMBER
---------------------------------------------------------------------------------------------------------------------------------------------------------------
       R/F %DEP.    R/F %DEP.    R/F %DEP.    R/F %DEP.    R/F %DEP.    R/F %DEP.    R/F %DEP.    R/F %DEP.    R/F %DEP.    R/F %DEP.    R/F %DEP.    R/F %DEP.
---------------------------------------------------------------------------------------------------------------------------------------------------------------

2009  15.5   172    0.0  -100    3.9   -68    0.0  -100   23.8    34  105.0   -39  185.4   -42  188.1   -35  115.9   -35   59.4   -11   22.7    41    0.6   -89

2010   5.2    -9   10.0    22    0.7   -94    3.6   -69    8.8   -50   98.2   -43  408.0    28  421.6    45  298.8    67  110.3    65   56.1   248    4.0   -29

2011   0.0  -100    2.0   -71    0.8   -93   29.6   149   16.0   -12  101.7   -43  296.5    -7  306.0     5  150.4   -12    5.3   -94    0.0  -100    0.0  -100

2012   2.9   -61    0.0  -100    0.0  -100    6.5   -45    0.0  -100   76.9   -57  332.2     5  292.9     0  250.0    46   70.8   -15   16.6    12    0.0  -100

2013   2.5   -67   42.5   507    0.4   -96   13.4    13    6.4   -65  342.4    92  594.4    87  259.1   -11  168.0    -2  174.2   110    0.6   -96    3.8   -48

===============================================================================================================================================================
