District : GUNTUR
===============================================================================================================================================================
YEAR   JANUARY      FEBRUARY      MARCH        APRIL         MAY          JUNE         JULY        AUGUST     SEPTEMBER     OCTOBER      NOVEMBER     DECEMBER
---------------------------------------------------------------------------------------------------------------------------------------------------------------
       R/F %DEP.    R/F %DEP.    R/F %DEP.    R/F %DEP.    R/F %DEP.    R/F %DEP.    R/F %DEP.    R/F %DEP.    R/F %DEP.    R/F %DEP.    R/F %DEP.    R/F %DEP.
---------------------------------------------------------------------------------------------------------------------------------------------------------------

2009   0.0  -100    0.0  -100    5.0   -42    0.0  -100   55.0     3   33.2   -64   27.1   -83  227.0    43  142.5    -8   64.8   -58   84.3     8    4.7   -67

2010   8.6   161    0.0  -100    0.0  -100    9.2   -42  165.3   210  124.2    34  349.0   117  229.5    45  233.9    51  141.7    -9  104.9    34  118.8   731

2011   0.0  -100   22.4   191    0.0  -100   45.1   201   17.8   -70   44.5   -51  199.8    36  194.7    25   56.7   -62   62.3   -57   15.9   -79    1.0   -93

2012  66.0  1100    0.0  -100    2.2   -71    6.0   -60   21.7   -63  109.8    22  159.7     8  147.8    -5  172.9    15  133.9    -7  192.7   154    0.0  -100

2013   0.4   -93   80.6   947    0.3   -96   19.3    29   32.4   -45  115.4    28  151.2     3  177.4    14  163.6     9  358.8   149   59.6   -21    2.5   -83

===============================================================================================================================================================
