District : HYDERABAD
===============================================================================================================================================================
YEAR   JANUARY      FEBRUARY      MARCH        APRIL         MAY          JUNE         JULY        AUGUST     SEPTEMBER     OCTOBER      NOVEMBER     DECEMBER
---------------------------------------------------------------------------------------------------------------------------------------------------------------
       R/F %DEP.    R/F %DEP.    R/F %DEP.    R/F %DEP.    R/F %DEP.    R/F %DEP.    R/F %DEP.    R/F %DEP.    R/F %DEP.    R/F %DEP.    R/F %DEP.    R/F %DEP.
---------------------------------------------------------------------------------------------------------------------------------------------------------------

2009   0.0  -100    0.0  -100    1.1   -93   20.0     0   17.7   -46   62.5   -45   51.6   -71  303.7    68  144.7   -16   74.2   -17   28.7    19    3.0   -51

2010   9.6    81    4.1   -48    3.4   -78    0.4   -98   17.3   -47  149.2    32  345.6    95  246.5    36  240.9    39   53.1   -41   43.0    78   14.3   134

2011   0.0  -100   25.2   241    4.2   -71    4.2   -79    2.4   -93   34.8   -69  195.2    10  233.0    22   74.8   -55   44.3   -54    7.6   -68    0.0  -100

2012   0.1   -98    0.0  -100    0.0  -100   16.0   -22    3.3   -90  142.4    29  235.7    33  137.1   -28  118.6   -28   85.6   -10   40.0    69    0.0  -100

2013   1.1   -81   17.7   139    0.0  -100   72.2   254   15.3   -55  187.0    69  223.4    26  138.7   -27  189.8    15  227.9   138   15.8   -33    0.0  -100

===============================================================================================================================================================
