District : KARIMNAGAR
===============================================================================================================================================================
YEAR   JANUARY      FEBRUARY      MARCH        APRIL         MAY          JUNE         JULY        AUGUST     SEPTEMBER     OCTOBER      NOVEMBER     DECEMBER
---------------------------------------------------------------------------------------------------------------------------------------------------------------
       R/F %DEP.    R/F %DEP.    R/F %DEP.    R/F %DEP.    R/F %DEP.    R/F %DEP.    R/F %DEP.    R/F %DEP.    R/F %DEP.    R/F %DEP.    R/F %DEP.    R/F %DEP.
---------------------------------------------------------------------------------------------------------------------------------------------------------------

2009   0.0  -100    0.0  -100    6.2   -41    1.7   -88   25.7    15   78.1   -49  137.8   -48  132.1   -42  138.1   -19   65.7   -14   55.9   204    1.3   -71

2010   8.4    -1    9.9    98    0.0  -100    2.3   -83   15.2   -32   80.3   -48  462.5    74  371.2    63  308.5    80  135.9    78   48.6   164   11.6   158

2011   0.0  -100   22.4   300    1.0   -91   21.9    39   20.3   -15   73.4   -52  291.9    13  225.0    -1   94.1   -42    6.5   -92    0.4   -98    0.0  -100

2012   4.9   -55    0.0  -100    0.1   -99   11.7   -25    3.0   -88   89.6   -42  364.0    41  267.8    18  197.8    21   68.6   -20   39.0    88    0.0  -100

2013   5.0   -54   44.8   700    0.0  -100   17.0     8   18.0   -25  255.6    67  497.6    93  188.2   -17  131.8   -19  260.4   203    9.0   -57    0.3   -95

===============================================================================================================================================================
