District : KHAMMAM
===============================================================================================================================================================
YEAR   JANUARY      FEBRUARY      MARCH        APRIL         MAY          JUNE         JULY        AUGUST     SEPTEMBER     OCTOBER      NOVEMBER     DECEMBER
---------------------------------------------------------------------------------------------------------------------------------------------------------------
       R/F %DEP.    R/F %DEP.    R/F %DEP.    R/F %DEP.    R/F %DEP.    R/F %DEP.    R/F %DEP.    R/F %DEP.    R/F %DEP.    R/F %DEP.    R/F %DEP.    R/F %DEP.
---------------------------------------------------------------------------------------------------------------------------------------------------------------

2009   0.0  -100    0.0  -100   10.1   -11    2.8   -89   68.3    38   36.4   -76  185.2   -37  172.1   -32  144.2   -15   81.4   -21   33.6    31    0.0  -100

2010  29.5   768    4.7   -41    2.2   -81   23.8    -6  134.2   172  153.6     3  615.0   108  304.6    21  303.6    78  120.0    17   67.5   164   45.0  1084

2011   0.0  -100   10.5    48    0.5   -95   53.5   125   35.7   -32  137.9    -8  274.6    -3  252.0    -2  128.6   -25   20.1   -81    0.0  -100    0.0  -100

2012  19.3   329    0.0  -100    0.0  -100   31.7    33   39.0   -26  170.7    14  372.5    32  356.3    39  262.1    53  106.4     0  163.1   566    0.0  -100

2013   1.0   -78   19.4   173    0.0  -100   47.5   100   11.7   -78  199.3    33  503.9    78  298.4    16  170.0    -1  231.4   116   20.6   -16    0.0  -100

===============================================================================================================================================================
