District : KRISHNA
===============================================================================================================================================================
YEAR   JANUARY      FEBRUARY      MARCH        APRIL         MAY          JUNE         JULY        AUGUST     SEPTEMBER     OCTOBER      NOVEMBER     DECEMBER
---------------------------------------------------------------------------------------------------------------------------------------------------------------
       R/F %DEP.    R/F %DEP.    R/F %DEP.    R/F %DEP.    R/F %DEP.    R/F %DEP.    R/F %DEP.    R/F %DEP.    R/F %DEP.    R/F %DEP.    R/F %DEP.    R/F %DEP.
---------------------------------------------------------------------------------------------------------------------------------------------------------------

2009   0.0  -100    0.0  -100    0.8   -92    0.0  -100  105.1   134   36.1   -70   87.2   -61  175.7    -6  154.8   -10   75.6   -52   99.1    47    1.7   -85

2010  16.6   472    0.0  -100    0.0  -100   20.1     9  202.3   351  131.7    11  373.1    67  296.2    59  318.1    85  201.8    27  152.8   127   92.5   719

2011   0.0  -100   23.6   275    0.0  -100   41.5   146   49.3     5  112.8    -7  303.5    40  226.5    17   47.2   -72   38.8   -76   18.7   -72    2.6   -79

2012  69.6  1413    0.0  -100    2.1   -76   10.7   -37   66.5    42  142.9    18  264.5    22  301.3    55  216.4    28  185.4    13  250.2   279    0.0  -100

2013   0.6   -87   76.7  1117    0.0  -100   53.6   217   27.5   -41  148.0    22  249.0    15  152.7   -21  143.6   -15  376.8   129   84.2    27    4.6   -62

===============================================================================================================================================================
