District : KURNOOL
===============================================================================================================================================================
YEAR   JANUARY      FEBRUARY      MARCH        APRIL         MAY          JUNE         JULY        AUGUST     SEPTEMBER     OCTOBER      NOVEMBER     DECEMBER
---------------------------------------------------------------------------------------------------------------------------------------------------------------
       R/F %DEP.    R/F %DEP.    R/F %DEP.    R/F %DEP.    R/F %DEP.    R/F %DEP.    R/F %DEP.    R/F %DEP.    R/F %DEP.    R/F %DEP.    R/F %DEP.    R/F %DEP.
---------------------------------------------------------------------------------------------------------------------------------------------------------------

2009   0.1   -90    0.0  -100   12.8   137    0.0  -100   67.5    34   88.6    15   24.7   -79   88.5   -25  227.3    56  197.2   112   57.8   134    3.4   -28

2010   4.1   310    0.0  -100    0.0  -100   18.8    12   41.4   -18   91.7    19  194.0    66  208.5    77  124.5   -15   80.6   -14   48.2    95   11.4   143

2011   0.0  -100    3.7    95    0.0  -100    9.2   -50   37.0   -28   58.4   -27  117.8     2  145.1    17   34.9   -75   58.9   -44   17.1   -40    0.0  -100

2012   5.6   367    0.0  -100    3.2   -44   35.5    94   34.4   -33   32.6   -60  141.8    22  151.2    22   96.3   -31   60.4   -43   46.6    64    1.7   -74

2013   0.0  -100   12.6   563    4.6   -19   29.0    58   48.7    -6   57.4   -29  129.0    11  115.8    -7  183.5    31  121.2    15    1.6   -94    0.0  -100

===============================================================================================================================================================
