District : MEDAK
===============================================================================================================================================================
YEAR   JANUARY      FEBRUARY      MARCH        APRIL         MAY          JUNE         JULY        AUGUST     SEPTEMBER     OCTOBER      NOVEMBER     DECEMBER
---------------------------------------------------------------------------------------------------------------------------------------------------------------
       R/F %DEP.    R/F %DEP.    R/F %DEP.    R/F %DEP.    R/F %DEP.    R/F %DEP.    R/F %DEP.    R/F %DEP.    R/F %DEP.    R/F %DEP.    R/F %DEP.    R/F %DEP.
---------------------------------------------------------------------------------------------------------------------------------------------------------------

2009   0.0  -100    0.0  -100    0.0  -100    6.6   -65   21.0   -27   52.3   -64   64.3   -73  157.6   -27  142.7   -24   41.2   -47   13.8   -16    4.6     7

2010   9.7   102   13.5   165    0.0  -100    5.5   -71    5.3   -82   83.8   -42  337.0    39  269.9    26  199.6     6   95.2    23   18.3    12    0.6   -86

2011   0.0  -100    0.0  -100    3.0   -68   30.5    62    1.9   -93   48.9   -65  283.7    24  245.9    16   64.3   -61   14.2   -84    2.4   -88    0.0  -100

2012   0.0  -100    0.0  -100    0.0  -100    6.8   -64   35.6    27  170.0    23  224.0    -2  132.0   -37  127.6   -23   82.9    -4   64.1   232    0.0  -100

2013   4.1   -37   18.6   280    0.0  -100   27.1    44   13.2   -53  135.3    -2  348.5    52  130.5   -38  179.6     9  178.0   106   32.5    68    0.7   -85

===============================================================================================================================================================
