District : NALGONDA
===============================================================================================================================================================
YEAR   JANUARY      FEBRUARY      MARCH        APRIL         MAY          JUNE         JULY        AUGUST     SEPTEMBER     OCTOBER      NOVEMBER     DECEMBER
---------------------------------------------------------------------------------------------------------------------------------------------------------------
       R/F %DEP.    R/F %DEP.    R/F %DEP.    R/F %DEP.    R/F %DEP.    R/F %DEP.    R/F %DEP.    R/F %DEP.    R/F %DEP.    R/F %DEP.    R/F %DEP.    R/F %DEP.
---------------------------------------------------------------------------------------------------------------------------------------------------------------

2009   0.0  -100    0.0  -100   10.7     4   11.7   -26    7.7   -69   52.8   -49   29.4   -80  123.5   -13  137.0   -10   80.9   -19   35.4     8    0.0  -100

2010  17.4   480    0.4   -92    3.1   -70    4.5   -72   53.5   113   94.2   -10  256.5    72  170.0    20  207.7    37   92.5    -8   71.5   117   44.7   671

2011   0.0  -100   38.6   798    0.0  -100   29.0    92   16.3   -43   60.9   -41  180.2    16  187.1    27   35.5   -76   10.2   -90    0.9   -97    0.0  -100

2012  23.1   463    0.0  -100    0.0  -100   13.6   -10    6.5   -77   82.4   -20  143.9    -7  121.6   -17  130.7   -13   86.0   -19   66.1   107    0.0  -100

2013  12.0   193   48.3  1023    0.0  -100   21.4    42   12.9   -55  116.1    13  177.6    15  212.8    45  152.4     2  363.4   243   29.4    -8    0.0  -100

===============================================================================================================================================================
