District : NELLORE
===============================================================================================================================================================
YEAR   JANUARY      FEBRUARY      MARCH        APRIL         MAY          JUNE         JULY        AUGUST     SEPTEMBER     OCTOBER      NOVEMBER     DECEMBER
---------------------------------------------------------------------------------------------------------------------------------------------------------------
       R/F %DEP.    R/F %DEP.    R/F %DEP.    R/F %DEP.    R/F %DEP.    R/F %DEP.    R/F %DEP.    R/F %DEP.    R/F %DEP.    R/F %DEP.    R/F %DEP.    R/F %DEP.
---------------------------------------------------------------------------------------------------------------------------------------------------------------

2009   0.1   -99    0.0  -100    0.1   -99    0.0  -100   28.5   -45   33.2   -24   40.3   -52  111.6    38   66.9   -39   49.6   -79  465.7    84  109.6    15

2010   4.9   -65    0.0  -100    0.0  -100   17.8    21  108.3   109  112.5   158  116.3    39  203.7   152  109.4     0  244.7     4  343.9    36  154.7    62

2011   9.4   -40   38.5   232    0.0  -100   33.3   119    6.8   -87   58.0     9   59.8   -34  161.9    70   71.9   -36  254.5     3  320.0    13   64.9   -39

2012  47.9   205    0.0  -100    0.0  -100   16.8    11   18.4   -64   30.9   -42  116.2    27   84.2   -11   80.0   -29  184.7   -26  141.3   -50  190.6    78

2013   0.0  -100   51.8   347   30.6   410   15.1    -1    7.6   -85   38.0   -29  140.1    54  101.6     7  102.9    -9  225.4    -9  149.5   -47    9.2   -91

===============================================================================================================================================================
