District : NIZAMABAD
===============================================================================================================================================================
YEAR   JANUARY      FEBRUARY      MARCH        APRIL         MAY          JUNE         JULY        AUGUST     SEPTEMBER     OCTOBER      NOVEMBER     DECEMBER
---------------------------------------------------------------------------------------------------------------------------------------------------------------
       R/F %DEP.    R/F %DEP.    R/F %DEP.    R/F %DEP.    R/F %DEP.    R/F %DEP.    R/F %DEP.    R/F %DEP.    R/F %DEP.    R/F %DEP.    R/F %DEP.    R/F %DEP.
---------------------------------------------------------------------------------------------------------------------------------------------------------------

2009   0.0  -100    0.0  -100    0.1   -99    9.9   -12   15.7   -24   78.7   -50  173.9   -41  188.3   -35  155.5   -16   48.0   -33   15.8    20    3.8    19

2010   8.4    56   30.3   405    0.9   -90    7.3   -35    0.5   -98  104.1   -33  299.2     1  303.8     4  245.4    32  157.5   121   34.9   164    0.4   -88

2011   0.1   -99    4.1    -7    8.0    -9   15.1    23   11.8   -52   78.3   -51  384.8    33  362.1    22   83.0   -52   15.6   -83    0.0  -100    0.0  -100

2012   0.4   -95    0.0  -100    0.0  -100    6.0   -51    1.5   -94  133.8   -17  214.8   -26  216.0   -27  153.9   -11   90.1    -1   28.9    69    0.0  -100

2013   9.1    15   36.8   736    1.0   -89   39.2   219    4.5   -82  254.2    58  549.1    90  173.8   -41  117.9   -32  136.2    49   19.1    12    0.8   -85

===============================================================================================================================================================
