District : PRAKASAM
===============================================================================================================================================================
YEAR   JANUARY      FEBRUARY      MARCH        APRIL         MAY          JUNE         JULY        AUGUST     SEPTEMBER     OCTOBER      NOVEMBER     DECEMBER
---------------------------------------------------------------------------------------------------------------------------------------------------------------
       R/F %DEP.    R/F %DEP.    R/F %DEP.    R/F %DEP.    R/F %DEP.    R/F %DEP.    R/F %DEP.    R/F %DEP.    R/F %DEP.    R/F %DEP.    R/F %DEP.    R/F %DEP.
---------------------------------------------------------------------------------------------------------------------------------------------------------------

2009   1.9   -65    0.0  -100    4.5   -65    3.7   -70   40.6   -21   49.3   -18   22.6   -78   98.8    -1  126.5    -3   50.3   -73  216.6    88   20.3   -29

2010  17.7   222    2.0   -66    4.3   -67    1.0   -92  265.4   419  106.9    77  170.3    66  205.1   106  131.7     1  163.4   -13  227.1    97  108.1   279

2011   3.2   -59   23.1   163    0.0  -100   11.8   -21   35.3   -33   53.4   -17   86.2   -13   94.9    -1   38.6   -69  153.6   -16   57.9   -50   11.8   -63

2012  37.9   380    0.0  -100    2.9   -72   15.2     2   32.9   -37   53.9   -16  130.7    32   91.4    -5  105.6   -14  216.4    19  194.8    69    4.7   -85

2013   0.0  -100   48.5   451    0.0  -100   21.9    47   22.3   -57   72.6    13  128.8    30  156.2    63  144.6    18  346.8    91   43.7   -62    0.8   -98

===============================================================================================================================================================
