District : SRIKAKULAM
===============================================================================================================================================================
YEAR   JANUARY      FEBRUARY      MARCH        APRIL         MAY          JUNE         JULY        AUGUST     SEPTEMBER     OCTOBER      NOVEMBER     DECEMBER
---------------------------------------------------------------------------------------------------------------------------------------------------------------
       R/F %DEP.    R/F %DEP.    R/F %DEP.    R/F %DEP.    R/F %DEP.    R/F %DEP.    R/F %DEP.    R/F %DEP.    R/F %DEP.    R/F %DEP.    R/F %DEP.    R/F %DEP.
---------------------------------------------------------------------------------------------------------------------------------------------------------------

2009   0.0  -100    0.0  -100   10.2   -40    7.2   -73   26.0   -54   99.3   -28  215.9    18  162.5   -20  145.4   -28  122.6   -45   85.2    12    0.0  -100

2010   0.4   -95   16.4     5   17.5     4    3.1   -88  172.7   204  142.1     3  236.8    29  263.0    30  207.9     3  333.0    50  178.6   134  129.0  1493

2011   0.0  -100   17.2    -5    0.0  -100   61.1   132   93.1    46  120.6   -17  168.5   -11  277.0    37  181.3   -13   31.3   -85    0.0  -100   13.2   169

2012   7.3    -8    6.2   -66    0.0  -100   38.0    44   47.1   -26  111.7   -23  277.1    46  162.9   -20  258.0    24  110.4   -48  270.5   288    0.0  -100

2013   0.0  -100    1.2   -93    1.8   -90   71.3   171   21.6   -66  168.4    16  178.6    -6   86.3   -57  194.7    -6  659.7   212   37.3   -47    1.0   -80

===============================================================================================================================================================
