District : VISHAKHAPATNAM
===============================================================================================================================================================
YEAR   JANUARY      FEBRUARY      MARCH        APRIL         MAY          JUNE         JULY        AUGUST     SEPTEMBER     OCTOBER      NOVEMBER     DECEMBER
---------------------------------------------------------------------------------------------------------------------------------------------------------------
       R/F %DEP.    R/F %DEP.    R/F %DEP.    R/F %DEP.    R/F %DEP.    R/F %DEP.    R/F %DEP.    R/F %DEP.    R/F %DEP.    R/F %DEP.    R/F %DEP.    R/F %DEP.
---------------------------------------------------------------------------------------------------------------------------------------------------------------

2009   0.0  -100    0.0  -100    6.3   -67    6.6   -85   24.3   -72   94.9   -24  132.7   -22   92.0   -46  171.6   -10  116.9   -46   89.0    45    0.0  -100

2010  13.6    60    0.1   -99    2.1   -89   27.5   -38  173.1    99  156.3    25  321.0    88  167.0    -2  188.0    -1  203.5    -5  287.4   367  163.0  1963

2011   0.0  -100    8.8   -19    2.9   -84   68.3    53  100.7     4   72.6   -45  219.3    23  183.3     3  168.6    -9   33.2   -84    2.4   -96    7.4    72

2012  16.1    83    0.0  -100    4.1   -77   52.9    18   30.9   -68   64.1   -52  152.4   -14  178.0     0  280.5    51  133.9   -34  305.0   415    0.0  -100

2013   4.2   -52    5.0   -54    0.6   -97   51.4    15   20.2   -79   93.9   -29  101.6   -43  141.5   -21  138.7   -25  445.5   118   72.6    23    7.3    70

===============================================================================================================================================================
