District : VIZIANAGARAM
===============================================================================================================================================================
YEAR   JANUARY      FEBRUARY      MARCH        APRIL         MAY          JUNE         JULY        AUGUST     SEPTEMBER     OCTOBER      NOVEMBER     DECEMBER
---------------------------------------------------------------------------------------------------------------------------------------------------------------
       R/F %DEP.    R/F %DEP.    R/F %DEP.    R/F %DEP.    R/F %DEP.    R/F %DEP.    R/F %DEP.    R/F %DEP.    R/F %DEP.    R/F %DEP.    R/F %DEP.    R/F %DEP.
---------------------------------------------------------------------------------------------------------------------------------------------------------------

2009   0.0  -100    0.0  -100   13.3   -33   11.3   -68   50.5   -41  145.1     2  182.1     3  242.9    29  144.2   -32  125.0   -39  118.0   105    0.0  -100

2010  46.2   419    9.6   -29   14.8   -25    5.5   -85  128.9    50  179.9    27  293.0    66  234.0    24  245.9    15  189.6    -8  167.1   190  133.4  1319

2011   0.0  -100   25.8    79    1.6   -91   88.6   174  109.7    21  115.7   -18  156.0   -14  220.5    13  205.5    -2   80.5   -57    1.1   -98   12.6   107

2012  36.5   320    0.0  -100    0.9   -95   31.8    -2   55.0   -39   79.4   -44  217.8    20  191.5    -2  264.2    26  125.8   -33  294.0   422    0.0  -100

2013   0.0  -100    1.8   -88    0.3   -98   57.4    78   32.0   -65  172.4    23  160.4   -12  112.1   -42   94.0   -55  368.8    96   29.1   -48    0.0  -100

===============================================================================================================================================================
