District : WARANGAL
===============================================================================================================================================================
YEAR   JANUARY      FEBRUARY      MARCH        APRIL         MAY          JUNE         JULY        AUGUST     SEPTEMBER     OCTOBER      NOVEMBER     DECEMBER
---------------------------------------------------------------------------------------------------------------------------------------------------------------
       R/F %DEP.    R/F %DEP.    R/F %DEP.    R/F %DEP.    R/F %DEP.    R/F %DEP.    R/F %DEP.    R/F %DEP.    R/F %DEP.    R/F %DEP.    R/F %DEP.    R/F %DEP.
---------------------------------------------------------------------------------------------------------------------------------------------------------------

2009   0.0  -100    0.0  -100    0.0  -100    0.9   -94   22.0   -17   50.6   -66  123.7   -54  149.2   -32  180.4     8   81.1   -10   46.9   114    0.4   -93

2010   7.8    24    5.7   -19    0.0  -100    0.0  -100   56.2   113  119.5   -19  499.3    85  223.7     1  280.3    68   99.7    11   39.2    79   21.9   265

2011   0.0  -100    0.0  -100    0.0  -100   42.3   198    6.6   -77   85.7   -42  390.9    44  202.1    -9  116.4   -25    8.3   -91    9.0   -61    0.0  -100

2012  12.6    52    0.0  -100    0.0  -100    5.9   -58   17.1   -40  161.3     9  335.4    24  293.4    32  243.3    56   96.2     8   66.7   191    0.0  -100

2013   4.0   -52   23.9   206    0.0  -100   19.9    40    4.3   -85  161.3     9  483.0    78  272.0    22  137.3   -12  231.7   161   25.5    11    3.6   -50

===============================================================================================================================================================
