District : WEST GODAVARI
===============================================================================================================================================================
YEAR   JANUARY      FEBRUARY      MARCH        APRIL         MAY          JUNE         JULY        AUGUST     SEPTEMBER     OCTOBER      NOVEMBER     DECEMBER
---------------------------------------------------------------------------------------------------------------------------------------------------------------
       R/F %DEP.    R/F %DEP.    R/F %DEP.    R/F %DEP.    R/F %DEP.    R/F %DEP.    R/F %DEP.    R/F %DEP.    R/F %DEP.    R/F %DEP.    R/F %DEP.    R/F %DEP.
---------------------------------------------------------------------------------------------------------------------------------------------------------------

2009   0.0  -100    0.0  -100    1.0   -90    0.0  -100   53.3     4   23.9   -82  157.9   -31  135.8   -38  197.9    11   51.5   -72  131.2   128    0.6   -95

2010  38.3   812    0.0  -100    0.0  -100   35.7    90  170.1   233  177.1    36  373.6    62  316.9    45  266.4    49  206.2    13  203.0   253  113.4   913

2011   0.0  -100    7.1   -34    0.0  -100   48.7   156   55.8     0   78.3   -42  285.7    19  324.2    42   70.2   -61   58.4   -70    0.0  -100    3.4   -71

2012   8.9    46    0.0  -100    3.1   -64    1.3   -93   36.1   -35  108.0   -20  292.9    22  369.7    62  271.3    51  217.5    10  303.1   354    0.0  -100

2013   0.7   -89   23.9   123    0.0  -100   29.7    56    9.6   -83  107.6   -21  217.4    -9  102.2   -55  123.6   -31  345.6    75   36.4   -45    9.4   -20

===============================================================================================================================================================
