                                                                  


District : AHMEDNAGAR




===============================================================================================================================================================
YEAR   JANUARY      FEBRUARY      MARCH        APRIL         MAY          JUNE         JULY        AUGUST     SEPTEMBER     OCTOBER      NOVEMBER     DECEMBER
---------------------------------------------------------------------------------------------------------------------------------------------------------------
       R/F %DEP.    R/F %DEP.    R/F %DEP.    R/F %DEP.    R/F %DEP.    R/F %DEP.    R/F %DEP.    R/F %DEP.    R/F %DEP.    R/F %DEP.    R/F %DEP.    R/F %DEP.
---------------------------------------------------------------------------------------------------------------------------------------------------------------

2009   0.0  -100    0.0  -100    0.0  -100    0.0  -100    0.0  -100   75.6   -27  122.0    14  127.3    37  123.0   -21   73.4     8  127.6   362    2.9   -60

2010   0.0  -100    0.0  -100    0.0  -100    0.0  -100    2.5   -88  173.7    68  165.0    54  196.4   111  171.2     9   60.6   -11   74.7   171    0.0  -100

2011   0.0  -100    4.4   238    0.0  -100    1.4   -74    0.0  -100   54.6   -48  163.5    61  150.7    64   76.7   -45   39.8   -46    0.0  -100    0.0  -100

2012   0.0  -100    0.0  -100    0.0  -100    3.5   -34   10.3   -52   40.0   -62   86.0   -16   63.6   -31   90.8   -35   99.2    34    0.7   -97    0.0  -100

2013   0.0  -100    1.0   -23    0.0  -100    0.0  -100    0.0  -100  142.1    35  144.1    42   56.0   -39  182.5    31   75.5     2    0.0  -100    0.0  -100

===============================================================================================================================================================
