                                                                  


District : AKOLA




===============================================================================================================================================================
YEAR   JANUARY      FEBRUARY      MARCH        APRIL         MAY          JUNE         JULY        AUGUST     SEPTEMBER     OCTOBER      NOVEMBER     DECEMBER
---------------------------------------------------------------------------------------------------------------------------------------------------------------
       R/F %DEP.    R/F %DEP.    R/F %DEP.    R/F %DEP.    R/F %DEP.    R/F %DEP.    R/F %DEP.    R/F %DEP.    R/F %DEP.    R/F %DEP.    R/F %DEP.    R/F %DEP.
---------------------------------------------------------------------------------------------------------------------------------------------------------------

2009   0.0  -100    0.0  -100    6.5   -22    0.2   -95   44.8   307   81.0   -40  249.2     6  171.6   -11   86.2   -42   43.9    -6  111.9   492    8.7    28

2010  29.6   196    2.0   -74   11.5    39    1.0   -75    0.5   -95  100.0   -26  354.6    51  263.9    37   82.1   -45   51.4    10   46.7   147    0.0  -100

2011   0.0  -100   11.5   117    1.0   -89   11.4   159    7.2   -26  118.9   -17  173.3   -23  166.2   -19  130.6     1    0.4   -99    0.0  -100    0.0  -100

2012   7.9    -8    0.0  -100    0.0  -100    0.7   -84    3.7   -62  130.8    -8  293.5    30  154.0   -25  199.5    55   34.4   -35    0.0  -100    0.0  -100

2013  13.2    53   18.1   242    1.9   -78    0.7   -84    0.0  -100  315.7   121  317.3    40  280.5    37  233.2    81  154.2   192    0.1   -99    0.0  -100

===============================================================================================================================================================
