                                                                  


District : AMRAOTI




===============================================================================================================================================================
YEAR   JANUARY      FEBRUARY      MARCH        APRIL         MAY          JUNE         JULY        AUGUST     SEPTEMBER     OCTOBER      NOVEMBER     DECEMBER
---------------------------------------------------------------------------------------------------------------------------------------------------------------
       R/F %DEP.    R/F %DEP.    R/F %DEP.    R/F %DEP.    R/F %DEP.    R/F %DEP.    R/F %DEP.    R/F %DEP.    R/F %DEP.    R/F %DEP.    R/F %DEP.    R/F %DEP.
---------------------------------------------------------------------------------------------------------------------------------------------------------------

2009   0.0  -100    0.0  -100    0.0  -100    0.0  -100    6.0   -24   70.5   -48  301.7    18  110.6   -52   87.5   -44   37.9   -15   77.8   345    6.0   -22

2010  19.9    78    3.0   -71   15.8   105    0.0  -100    0.0  -100  125.9    -7  365.3    43  371.9    62  123.6   -20   60.6    36   15.4   -12    0.0  -100

2011   0.0  -100    0.4   -94    0.0  -100    5.2    41   73.0  1041  119.9   -13  240.0    -6  338.5    39  147.5    -3   13.3   -75    0.0  -100    0.0  -100

2012   3.2   -68    0.0  -100    0.0  -100    6.4    73   12.0    88  147.4     7  282.4    11  243.5     0  316.1   109   25.0   -53    0.4   -97    0.1   -99

2013  16.1    59    4.3   -32    6.7   -14    2.0   -46    2.0   -69  286.6   109  307.3    21  258.1     6  131.5   -13   99.6    88    0.0  -100    0.0  -100

===============================================================================================================================================================
