                                                                  


District : AURANGABAD




===============================================================================================================================================================
YEAR   JANUARY      FEBRUARY      MARCH        APRIL         MAY          JUNE         JULY        AUGUST     SEPTEMBER     OCTOBER      NOVEMBER     DECEMBER
---------------------------------------------------------------------------------------------------------------------------------------------------------------
       R/F %DEP.    R/F %DEP.    R/F %DEP.    R/F %DEP.    R/F %DEP.    R/F %DEP.    R/F %DEP.    R/F %DEP.    R/F %DEP.    R/F %DEP.    R/F %DEP.    R/F %DEP.
---------------------------------------------------------------------------------------------------------------------------------------------------------------

2009   0.0  -100    0.0  -100    0.1   -98    0.5   -86   14.1   -25   34.3   -75  181.3     5  129.8   -26  164.5     7   53.4    -6  162.3   554    3.3   -68

2010  27.0   900    1.6   -36   19.2   317    0.0  -100    2.5   -87  158.6    18  246.3    43  252.6    44  107.4   -30   45.6   -20   78.0   215    0.0  -100

2011   0.0  -100    3.4   113    3.1     0    1.4   -50    3.7   -78   57.5   -56  187.3    20  209.2    32  111.0   -26   25.2   -57    0.0  -100    0.0  -100

2012   0.0  -100    0.0  -100    0.0  -100    6.8   143   16.3    -5   52.1   -60  124.1   -21   72.4   -54   83.9   -44   49.2   -17    0.1  -100    0.0  -100

2013   0.0  -100    0.8   -50    0.0  -100    0.1   -96    2.5   -85  162.5    25  165.5     6  119.4   -24  151.6     1   86.0    45   10.4   -58   10.7     0

===============================================================================================================================================================
