                                                                  


District : BEED




===============================================================================================================================================================
YEAR   JANUARY      FEBRUARY      MARCH        APRIL         MAY          JUNE         JULY        AUGUST     SEPTEMBER     OCTOBER      NOVEMBER     DECEMBER
---------------------------------------------------------------------------------------------------------------------------------------------------------------
       R/F %DEP.    R/F %DEP.    R/F %DEP.    R/F %DEP.    R/F %DEP.    R/F %DEP.    R/F %DEP.    R/F %DEP.    R/F %DEP.    R/F %DEP.    R/F %DEP.    R/F %DEP.
---------------------------------------------------------------------------------------------------------------------------------------------------------------

2009   0.0  -100    0.0  -100    0.0  -100    0.0  -100   13.8   -37   84.6   -36  150.9     2  152.7     6  230.8    33   77.2    16   94.2   296   21.8   176

2010   0.0  -100    0.0  -100    0.0  -100    0.0  -100   11.2   -49  143.0     8  254.2    72  235.0    63  166.0    -4   94.5    42   33.0    39    4.5   -43

2011   0.0  -100   11.6   480    0.0  -100    4.0   -43   15.4   -22   70.4   -45  331.6   143  245.3    79   69.5   -59   38.9   -45    0.0  -100    0.0  -100

2012   0.0  -100    0.0  -100    0.0  -100    0.0  -100    0.0  -100   55.4   -57  107.4   -21   81.6   -40  105.0   -37   81.3    14    0.9   -96    0.0  -100

2013   0.0  -100    0.0  -100    1.2   -68    4.6   -34    2.2   -89  127.6    -1  205.0    51   92.3   -33  152.8    -9   76.9     8    3.0   -87   24.9   147

===============================================================================================================================================================
