                                                                       


District : BULDANA



===============================================================================================================================================================
YEAR   JANUARY      FEBRUARY      MARCH        APRIL         MAY          JUNE         JULY        AUGUST     SEPTEMBER     OCTOBER      NOVEMBER     DECEMBER
---------------------------------------------------------------------------------------------------------------------------------------------------------------
       R/F %DEP.    R/F %DEP.    R/F %DEP.    R/F %DEP.    R/F %DEP.    R/F %DEP.    R/F %DEP.    R/F %DEP.    R/F %DEP.    R/F %DEP.    R/F %DEP.    R/F %DEP.
---------------------------------------------------------------------------------------------------------------------------------------------------------------

2008   0.0  -100    0.0  -100    8.0    27    0.0  -100    0.0  -100   78.7   -45  157.4   -23  117.4   -40  235.5    69   37.2   -22    0.0  -100    0.0  -100

2009   0.0  -100    0.0  -100   82.0  1202    0.0  -100    4.0   -62   85.0   -40  235.1    15  172.4   -13   60.9   -56   79.7    67  110.3   408   11.9    61

2010  10.7    67    2.5   -42   13.3   111    0.0  -100    0.0  -100  170.9    20  372.3    81  285.8    45   99.5   -29   44.5    -7   23.8    10    0.0  -100

2011   0.0  -100    0.0  -100    2.6   -57    0.1   -97    0.0  -100   59.9   -57  268.8    40  176.1   -10  116.2    -3    0.6   -99    0.0  -100    0.0  -100

2012   0.0  -100    0.0  -100    0.0  -100    0.0  -100    0.0  -100  106.4   -24  198.7     4  106.3   -46  141.5    18   44.5   -16    0.0  -100    0.0  -100

===============================================================================================================================================================
