                                                                  


District : CHANDRAPUR




===============================================================================================================================================================
YEAR   JANUARY      FEBRUARY      MARCH        APRIL         MAY          JUNE         JULY        AUGUST     SEPTEMBER     OCTOBER      NOVEMBER     DECEMBER
---------------------------------------------------------------------------------------------------------------------------------------------------------------
       R/F %DEP.    R/F %DEP.    R/F %DEP.    R/F %DEP.    R/F %DEP.    R/F %DEP.    R/F %DEP.    R/F %DEP.    R/F %DEP.    R/F %DEP.    R/F %DEP.    R/F %DEP.
---------------------------------------------------------------------------------------------------------------------------------------------------------------

2009   0.0  -100    0.0  -100    1.8   -89    7.4   -39   12.9     1   64.3   -65  335.8   -15  186.0   -50   64.8   -69   49.7   -17   37.8   244    0.6   -93

2010   8.7   -20   14.1     9   12.7   -25    4.5   -63    0.0  -100  158.5   -15  504.8    28  485.1    31  357.4    71   62.4     5   42.5   286    5.4   -34

2011   0.0  -100   19.7   121    3.4   -77   45.3   319    0.5   -96  179.7     0  195.1   -48  367.7    -2  227.7    12    8.0   -88    0.0  -100    0.0  -100

2012   7.8   -32    0.0  -100    0.0  -100    2.3   -79    0.0  -100  102.8   -43  444.3    19  455.2    22  253.2    25   54.3   -17   18.4    86    0.0  -100

2013   4.0   -65   25.7   189    1.1   -92    4.6   -57    1.9   -84  425.4   136  785.7   110  344.4    -8  113.8   -44  197.7   204    0.0  -100    0.0  -100

===============================================================================================================================================================
