                                                                  


District : GADCHIROLI




===============================================================================================================================================================
YEAR   JANUARY      FEBRUARY      MARCH        APRIL         MAY          JUNE         JULY        AUGUST     SEPTEMBER     OCTOBER      NOVEMBER     DECEMBER
---------------------------------------------------------------------------------------------------------------------------------------------------------------
       R/F %DEP.    R/F %DEP.    R/F %DEP.    R/F %DEP.    R/F %DEP.    R/F %DEP.    R/F %DEP.    R/F %DEP.    R/F %DEP.    R/F %DEP.    R/F %DEP.    R/F %DEP.
---------------------------------------------------------------------------------------------------------------------------------------------------------------

2009                0.0  -100                                          78.9   -60  397.9   -14  255.2   -40   93.6   -55   49.6   -17   28.7   193        

2010  11.6    23   42.6   280    0.0  -100    0.0  -100               140.5   -28  571.1    23  562.4    31  457.4   118   59.8     0   10.3     5   13.8   207

2011               21.6   184    0.0  -100   57.0   367   15.5    -9  184.7   -12  271.4   -40  404.2    -8  238.5    20    6.7   -90    0.0  -100    0.0  -100

2012  21.0   119    0.0  -100    0.0  -100                            101.2   -52  545.1    20  568.6    29  303.0    53   37.6   -45    9.1   -19    0.0  -100

2013   1.5   -84   14.0    84    0.0  -100    3.2   -74    0.0  -100  483.9   131  846.8    87  525.6    19  174.1   -12  197.0   186    0.0  -100    0.0  -100

===============================================================================================================================================================
