                                                                  


District : GONDIA




===============================================================================================================================================================
YEAR   JANUARY      FEBRUARY      MARCH        APRIL         MAY          JUNE         JULY        AUGUST     SEPTEMBER     OCTOBER      NOVEMBER     DECEMBER
---------------------------------------------------------------------------------------------------------------------------------------------------------------
       R/F %DEP.    R/F %DEP.    R/F %DEP.    R/F %DEP.    R/F %DEP.    R/F %DEP.    R/F %DEP.    R/F %DEP.    R/F %DEP.    R/F %DEP.    R/F %DEP.    R/F %DEP.
---------------------------------------------------------------------------------------------------------------------------------------------------------------

2009   0.0  -100    0.0  -100    3.0   -83   12.8    58    0.0  -100   48.0   -74  503.4    21  230.2   -46  109.0   -51   18.4   -70  111.4   904   12.8   151

2010  16.4    25   15.9    19   19.0    13    0.0  -100    0.0  -100  159.8   -13  586.1    42  314.1   -26  356.2    65   36.6   -37    4.6   -55    0.0  -100

2011   0.0  -100    8.6   -23    0.0  -100   44.8   392   16.2    93  187.8     8  326.3   -22  399.7    -6  263.1    24    1.1   -98    0.0  -100    0.0  -100

2012  18.4    21    4.2   -63    0.0  -100    0.0  -100    0.0  -100   93.0   -47  451.4     8  444.0     5  239.0    13   11.5   -80    9.3   -13    0.0  -100

2013  12.2   -20   22.8   104   12.3   -25    4.3   -53    0.0  -100  323.0    86  853.6   104  501.3    18  128.2   -40   97.9    66    0.0  -100    0.0  -100

===============================================================================================================================================================
