                                                                  


District : JALNA




===============================================================================================================================================================
YEAR   JANUARY      FEBRUARY      MARCH        APRIL         MAY          JUNE         JULY        AUGUST     SEPTEMBER     OCTOBER      NOVEMBER     DECEMBER
---------------------------------------------------------------------------------------------------------------------------------------------------------------
       R/F %DEP.    R/F %DEP.    R/F %DEP.    R/F %DEP.    R/F %DEP.    R/F %DEP.    R/F %DEP.    R/F %DEP.    R/F %DEP.    R/F %DEP.    R/F %DEP.    R/F %DEP.
---------------------------------------------------------------------------------------------------------------------------------------------------------------

2009   0.0  -100    0.0  -100    0.0  -100    0.0  -100   21.4    24   33.1   -76  209.4    26  173.8     2  121.7   -23   42.6   -27   58.7   141    0.4   -94

2010   7.2   106    0.0  -100    0.0  -100    0.0  -100    0.4   -98   97.2   -29  288.1    74  304.0    79  117.4   -26   50.5   -13   33.7    38    0.0  -100

2011   0.0  -100    2.3    15    0.0  -100    0.1   -96    1.9   -89   37.0   -73  224.4    36  197.9    24   97.8   -31   13.2   -78    0.0  -100    0.0  -100

2012   0.0  -100    0.0  -100    0.0  -100    0.0  -100    0.0  -100   42.9   -69  100.4   -39   60.4   -62   71.7   -50   46.9   -23    0.0  -100    0.0  -100

2013   0.0  -100    0.0  -100    0.0  -100    0.0  -100    0.0  -100  183.5    32  244.6    48  125.7   -21  154.5     9   97.8    60    6.8   -72   10.0    23

===============================================================================================================================================================
