                                                                  


District : KOLHAPUR




===============================================================================================================================================================
YEAR   JANUARY      FEBRUARY      MARCH        APRIL         MAY          JUNE         JULY        AUGUST     SEPTEMBER     OCTOBER      NOVEMBER     DECEMBER
---------------------------------------------------------------------------------------------------------------------------------------------------------------
       R/F %DEP.    R/F %DEP.    R/F %DEP.    R/F %DEP.    R/F %DEP.    R/F %DEP.    R/F %DEP.    R/F %DEP.    R/F %DEP.    R/F %DEP.    R/F %DEP.    R/F %DEP.
---------------------------------------------------------------------------------------------------------------------------------------------------------------

2009   0.0  -100    0.0  -100    2.6   -58    0.8   -97    1.8   -97   93.9   -65  1089.3   81  229.8   -36  292.4   106  173.0    64  100.1   194    5.9   -31

2010   0.0  -100    0.0  -100    0.0  -100   16.2   -47    5.4   -92  358.1    32  763.8    27  336.3    -7  310.3   118  126.6    20   71.8   111    0.0  -100

2011   0.0  -100    0.0  -100    0.3   -93   45.2    75   19.9   -67  530.4    51  649.1   -10  502.1     5  328.9    78  120.2    -4    0.0  -100    0.0  -100

2012   0.0  -100    0.0  -100    0.0  -100   37.2    44   12.3   -80  213.7   -39  535.6   -26  403.6   -15  250.2    35  148.8    19   17.5   -42    0.0  -100

2013   0.0  -100    4.9   513    1.9   -59   12.9   -50   36.3   -40  462.6    32  826.1    14  328.7   -31  155.4   -16   62.2   -50    0.6   -98    0.0  -100

===============================================================================================================================================================
