                                                                  


District : LATUR




===============================================================================================================================================================
YEAR   JANUARY      FEBRUARY      MARCH        APRIL         MAY          JUNE         JULY        AUGUST     SEPTEMBER     OCTOBER      NOVEMBER     DECEMBER
---------------------------------------------------------------------------------------------------------------------------------------------------------------
       R/F %DEP.    R/F %DEP.    R/F %DEP.    R/F %DEP.    R/F %DEP.    R/F %DEP.    R/F %DEP.    R/F %DEP.    R/F %DEP.    R/F %DEP.    R/F %DEP.    R/F %DEP.
---------------------------------------------------------------------------------------------------------------------------------------------------------------

2009   0.0  -100    0.0  -100    0.5   -95    2.5   -75   15.8   -28   57.8   -62  112.9   -49  178.7   -18  101.1   -44   53.0   -31   20.2    -9    6.9    21

2010   4.5    22   20.0   413    0.0  -100    1.0   -90    1.4   -94   68.4   -55  315.4    42  428.7    96  201.6    12   78.8     2   28.0    26    1.0   -82

2011   0.0  -100    1.2   -67    0.8   -90   27.7   141   18.7   -11   38.8   -73  316.2    45  271.4    23   79.3   -53   24.6   -70    0.0  -100    0.0  -100

2012   1.0   -77    0.0  -100    0.0  -100    5.6   -51    0.0  -100  115.3   -20  184.1   -16  162.5   -26  164.1    -3  125.8    55   12.9   -42    0.0  -100

2013   7.6    73   17.4   383    4.6   -41   15.2    32    2.6   -88  135.1    -7  333.5    53  153.1   -31  115.1   -32  115.2    42    3.6   -84   36.8   546

===============================================================================================================================================================
