                                                                  


District : MUMBAI CITY




===============================================================================================================================================================
YEAR   JANUARY      FEBRUARY      MARCH        APRIL         MAY          JUNE         JULY        AUGUST     SEPTEMBER     OCTOBER      NOVEMBER     DECEMBER
---------------------------------------------------------------------------------------------------------------------------------------------------------------
       R/F %DEP.    R/F %DEP.    R/F %DEP.    R/F %DEP.    R/F %DEP.    R/F %DEP.    R/F %DEP.    R/F %DEP.    R/F %DEP.    R/F %DEP.    R/F %DEP.    R/F %DEP.
---------------------------------------------------------------------------------------------------------------------------------------------------------------

2009   0.0  -100    0.0  -100    0.0  -100    0.0  -100    1.3   -91  241.0   -56  956.8    22  247.4   -51  420.8    35  190.8   188  105.4   559    0.0  -100

2010   0.0  -100    0.0  -100    0.0  -100    0.3   -83    0.0  -100  947.4    73  1112.7   42  860.7    71  272.9   -13  122.4    85   55.7   248    0.0  -100

2011   0.0  -100    0.1   -90    0.0  -100    0.0  -100    0.7   -96  461.2   -14  1284.4   64  796.8    57  362.5    17   65.6   -15    0.0  -100    0.0  -100

2012   0.0  -100    0.0  -100    0.0  -100    0.0  -100    0.0  -100  176.9   -67  392.5   -50  520.2     2  343.3    11  127.1    65    0.0  -100    0.0  -100

2013   0.0  -100    0.0  -100    0.0  -100    0.0  -100    0.0  -100  954.7    77  874.5    11  234.8   -54  306.3    -1   66.2   -14    6.4   -48    0.5   -88

===============================================================================================================================================================
