                                                                  


District : NAGPUR




===============================================================================================================================================================
YEAR   JANUARY      FEBRUARY      MARCH        APRIL         MAY          JUNE         JULY        AUGUST     SEPTEMBER     OCTOBER      NOVEMBER     DECEMBER
---------------------------------------------------------------------------------------------------------------------------------------------------------------
       R/F %DEP.    R/F %DEP.    R/F %DEP.    R/F %DEP.    R/F %DEP.    R/F %DEP.    R/F %DEP.    R/F %DEP.    R/F %DEP.    R/F %DEP.    R/F %DEP.    R/F %DEP.
---------------------------------------------------------------------------------------------------------------------------------------------------------------

2009   0.0  -100    0.0  -100    9.2   -46    0.0  -100   20.3    81   95.4   -42  463.7    46  183.7   -34  107.0   -39   50.9    -1   53.2   267    3.3   -68

2010  17.0    -2   18.8    21   18.9    12    0.0  -100    2.0   -82  141.2   -14  383.1    20  396.7    43  228.0    29   24.5   -53   58.8   306    0.4   -96

2011   0.0  -100   13.5    24    3.3   -79   20.5   111   12.2    11  119.4   -24  272.7   -12  345.7    23  185.7     5    0.1  -100    0.0  -100    0.0  -100

2012   9.2   -33    7.0   -36    0.0  -100    1.7   -82    1.8   -84   67.0   -58  338.7    10  282.9     1  273.9    55   19.4   -66   18.3    28    0.0  -100

2013   6.9   -50    8.1   -26    8.4   -47    0.7   -93    0.0  -100  390.0   147  478.7    55  339.3    21  101.6   -42  109.8    93    0.0  -100    0.0  -100

===============================================================================================================================================================
