                                                                  


District : NANDED




===============================================================================================================================================================
YEAR   JANUARY      FEBRUARY      MARCH        APRIL         MAY          JUNE         JULY        AUGUST     SEPTEMBER     OCTOBER      NOVEMBER     DECEMBER
---------------------------------------------------------------------------------------------------------------------------------------------------------------
       R/F %DEP.    R/F %DEP.    R/F %DEP.    R/F %DEP.    R/F %DEP.    R/F %DEP.    R/F %DEP.    R/F %DEP.    R/F %DEP.    R/F %DEP.    R/F %DEP.    R/F %DEP.
---------------------------------------------------------------------------------------------------------------------------------------------------------------

2009   0.0  -100    0.0  -100    0.0  -100    0.0  -100   11.5   -39   70.3   -54  125.3   -50  132.8   -46   98.0   -48   56.2   -20   32.3    87    2.3   -56

2010  10.0    79   21.5   271   14.0    51    1.3   -87    0.3   -98   91.4   -40  312.3    25  232.4    -5  200.3     7   77.8    11   40.7   135    0.0  -100

2011   0.0  -100    4.6     2    0.0  -100   24.3   176    1.3   -92  102.7   -34  205.6   -17  258.1     6   82.2   -52   12.0   -85    0.0  -100    0.0  -100

2012   1.0   -80    0.0  -100    0.0  -100    0.0  -100    0.0  -100   98.4   -37  194.7   -21  176.4   -27  148.5   -13   59.2   -26    6.5   -60    0.0  -100

2013   1.7   -65   33.2   638    0.0  -100   15.5    76   20.0    26  197.3    27  452.4    83  199.6   -18  132.0   -23  109.7    37   13.9   -14    0.0  -100

===============================================================================================================================================================
