                                                                  


District : NANDURBAR




===============================================================================================================================================================
YEAR   JANUARY      FEBRUARY      MARCH        APRIL         MAY          JUNE         JULY        AUGUST     SEPTEMBER     OCTOBER      NOVEMBER     DECEMBER
---------------------------------------------------------------------------------------------------------------------------------------------------------------
       R/F %DEP.    R/F %DEP.    R/F %DEP.    R/F %DEP.    R/F %DEP.    R/F %DEP.    R/F %DEP.    R/F %DEP.    R/F %DEP.    R/F %DEP.    R/F %DEP.    R/F %DEP.
---------------------------------------------------------------------------------------------------------------------------------------------------------------

2009   0.0  -100    0.0  -100    0.0  -100    0.0  -100    0.0  -100   27.3   -79  310.0    -7  152.8   -43  112.5   -30   65.0    92   45.3   194    6.7   179

2010   0.0  -100    0.0  -100    0.0  -100    0.0  -100    0.0  -100   94.3   -24  243.5   -23  225.2   -11  116.7   -26   63.7    84   78.0   461    0.0  -100

2011   0.0  -100    0.0   0      0.0  -100    0.0  -100    0.0  -100   68.3   -50  283.5    -6  330.5    36  117.3   -20   12.3   -67    0.0  -100    0.0  -100

2012   0.0  -100    0.0  -100    0.0  -100    0.0  -100    0.0  -100   25.1   -82  227.0   -25  266.5    10  206.8    42    7.8   -79                     

2013                4.0 40000    0.0  -100    3.8   153    0.0  -100  156.9    14  428.2    42  258.7     6  438.8   200   61.5    65    0.0  -100        

===============================================================================================================================================================
