                                                                  


District : OSMANABAD




===============================================================================================================================================================
YEAR   JANUARY      FEBRUARY      MARCH        APRIL         MAY          JUNE         JULY        AUGUST     SEPTEMBER     OCTOBER      NOVEMBER     DECEMBER
---------------------------------------------------------------------------------------------------------------------------------------------------------------
       R/F %DEP.    R/F %DEP.    R/F %DEP.    R/F %DEP.    R/F %DEP.    R/F %DEP.    R/F %DEP.    R/F %DEP.    R/F %DEP.    R/F %DEP.    R/F %DEP.    R/F %DEP.
---------------------------------------------------------------------------------------------------------------------------------------------------------------

2009   0.0  -100    0.0  -100    0.4   -91    2.4   -71   26.5   -10   49.9   -65  105.1   -38  230.1    25  206.0     6   93.2    21   43.4    90    7.3    40

2010  20.8   995    3.0    20    0.0  -100    1.1   -87    5.7   -81  151.7     5  351.5   108  284.6    54  163.4   -16   59.9   -23   27.1    19    1.3   -75

2011   0.0  -100    8.0   208    0.1   -97   14.2    89   11.0   -58   51.9   -61  185.8    20  181.3    18   51.5   -72   59.5   -30    0.0  -100    0.0  -100

2012   0.0  -100    0.0  -100    0.0  -100   10.8    44   17.2   -35   46.5   -65  145.1    -6   49.6   -68  114.3   -38   50.4   -41    6.4   -71    0.0  -100

2013   0.0  -100    0.6   -77   10.6   172    7.9     5   10.9   -59  111.3   -16  238.4    55   76.5   -50  210.2    15   62.7   -26    4.7   -79    2.4   -48

===============================================================================================================================================================
