                                                                  


District : PARBHANI




===============================================================================================================================================================
YEAR   JANUARY      FEBRUARY      MARCH        APRIL         MAY          JUNE         JULY        AUGUST     SEPTEMBER     OCTOBER      NOVEMBER     DECEMBER
---------------------------------------------------------------------------------------------------------------------------------------------------------------
       R/F %DEP.    R/F %DEP.    R/F %DEP.    R/F %DEP.    R/F %DEP.    R/F %DEP.    R/F %DEP.    R/F %DEP.    R/F %DEP.    R/F %DEP.    R/F %DEP.    R/F %DEP.
---------------------------------------------------------------------------------------------------------------------------------------------------------------

2009   0.0  -100    0.0  -100    0.3   -95    1.4   -75   23.4    58   78.2   -51  166.2   -26  213.9    -8  129.3   -25   62.2    -6   45.4   152    4.0   -39

2010  10.2   132    1.7   -59   23.6   232    1.5   -76    0.1   -99   93.3   -35  435.7   102  367.9    66  169.2    -3   39.9   -44   28.6    66    0.2   -96

2011   0.0  -100    6.7   131    0.0  -100   11.1    48   23.0    60   65.1   -58  302.3    40  206.7    -6  109.3   -35   18.4   -75    0.0  -100    0.0  -100

2012   0.5   -91    0.2   -93    0.0  -100    2.0   -73    1.5   -90  101.8   -34  198.4    -8  111.1   -49  172.9     3   85.4    15    1.1   -93    0.0  -100

2013   2.8   -52   14.2   390    4.9   -38    9.8    31    8.4   -42  143.3    -7  369.6    72  150.8   -31  183.6    10   87.4    17    7.7   -54   17.5    75

===============================================================================================================================================================
