                                                                  


District : PUNE




===============================================================================================================================================================
YEAR   JANUARY      FEBRUARY      MARCH        APRIL         MAY          JUNE         JULY        AUGUST     SEPTEMBER     OCTOBER      NOVEMBER     DECEMBER
---------------------------------------------------------------------------------------------------------------------------------------------------------------
       R/F %DEP.    R/F %DEP.    R/F %DEP.    R/F %DEP.    R/F %DEP.    R/F %DEP.    R/F %DEP.    R/F %DEP.    R/F %DEP.    R/F %DEP.    R/F %DEP.    R/F %DEP.
---------------------------------------------------------------------------------------------------------------------------------------------------------------

2009   0.0  -100    0.0  -100    0.4   -79    0.0  -100    2.3   -93   60.4   -63  317.7   -20  141.8   -43  153.5     2  119.2    53  150.3   353    0.9   -83

2010   0.1   -92    0.0  -100   16.1   747    0.4   -96    4.6   -85  210.0    27  212.0   -46  172.7   -31  157.0     4   97.5    25   90.9   174    0.0  -100

2011   0.0  -100    0.0  -100    0.0  -100    4.6   -39    1.2   -96  198.6    27  230.8   -26  213.5    -5  189.4    14  112.4    29    0.0  -100    0.0  -100

2012   0.0  -100    0.0  -100    0.0  -100    9.6    26    2.5   -91   63.3   -60  161.5   -48  202.7   -10  116.6   -30  133.3    53    1.1   -95    0.0  -100

2013   0.5   -17    0.3   200    0.9   -44    0.0  -100    0.8   -97  293.4    87  397.2    27  128.8   -43  233.3    40   32.2   -63   13.6   -44    5.4   -10

===============================================================================================================================================================
