                                                                  


District : RATNAGIRI




===============================================================================================================================================================
YEAR   JANUARY      FEBRUARY      MARCH        APRIL         MAY          JUNE         JULY        AUGUST     SEPTEMBER     OCTOBER      NOVEMBER     DECEMBER
---------------------------------------------------------------------------------------------------------------------------------------------------------------
       R/F %DEP.    R/F %DEP.    R/F %DEP.    R/F %DEP.    R/F %DEP.    R/F %DEP.    R/F %DEP.    R/F %DEP.    R/F %DEP.    R/F %DEP.    R/F %DEP.    R/F %DEP.
---------------------------------------------------------------------------------------------------------------------------------------------------------------

2009   0.0  -100    0.0  -100    0.6   200    0.0  -100    0.3   -99  316.5   -60  1350.7   19  402.6   -49  512.5    39  291.2   134  101.4   243    0.0  -100

2010   0.0  -100    0.0  -100    0.0  -100    0.6   -84    0.0  -100  845.3     6  1688.5   49  714.6   -10  626.0    69  232.6    87   94.1   218    0.0  -100

2011   0.0  -100    0.0   0      0.0  -100    6.3    80    0.8   -97  1107.1   33  1864.3   54  960.3    12  474.2    32  143.1     0    6.2   -75    0.0  -100

2012   0.0  -100    0.0  -100    0.0  -100    0.0  -100    0.7   -98  783.0    -6  1261.7    4  871.5     1  537.7    49  266.1    86    0.0  -100    0.0  -100

2013   0.0  -100    0.2  2000    0.0  -100    0.0  -100   12.1   -62  1352.0   63  1786.0   47  593.7   -31  352.8    -2  260.3    82    0.3   -99    0.0  -100

===============================================================================================================================================================
