                                                                  


District : SANGLI




===============================================================================================================================================================
YEAR   JANUARY      FEBRUARY      MARCH        APRIL         MAY          JUNE         JULY        AUGUST     SEPTEMBER     OCTOBER      NOVEMBER     DECEMBER
---------------------------------------------------------------------------------------------------------------------------------------------------------------
       R/F %DEP.    R/F %DEP.    R/F %DEP.    R/F %DEP.    R/F %DEP.    R/F %DEP.    R/F %DEP.    R/F %DEP.    R/F %DEP.    R/F %DEP.    R/F %DEP.    R/F %DEP.
---------------------------------------------------------------------------------------------------------------------------------------------------------------

2009   0.0  -100    0.0  -100    0.0  -100    0.0  -100   37.2   -31   58.3   -46  178.6     8  101.9    -6  198.5    48  117.9    21  103.2   216    1.3   -75

2010   0.1   -96    0.0  -100    0.0  -100   17.0   -26    2.5   -95  186.1    72  179.7     8  145.5    35  151.8    13   79.7   -18   56.2    72    2.4   -53

2011   0.0  -100    5.7   613    0.0  -100   11.7   -48   71.6    33  105.3   -12  103.7   -31  132.8    24   87.5   -33   86.8   -20    0.0  -100    0.0  -100

2012   0.0  -100    0.0  -100    0.0  -100   18.3   -19    5.7   -89   49.6   -58  103.0   -32   68.9   -36   70.4   -46  145.1    34    9.4   -63    0.0  -100

2013   0.0  -100    0.6   -25    0.0  -100   12.5   -45   15.1   -72  124.1     4  185.6    23   58.7   -45  165.3    26   53.8   -50   10.0   -60    0.0  -100

===============================================================================================================================================================
