                                                                  


District : SATARA




===============================================================================================================================================================
YEAR   JANUARY      FEBRUARY      MARCH        APRIL         MAY          JUNE         JULY        AUGUST     SEPTEMBER     OCTOBER      NOVEMBER     DECEMBER
---------------------------------------------------------------------------------------------------------------------------------------------------------------
       R/F %DEP.    R/F %DEP.    R/F %DEP.    R/F %DEP.    R/F %DEP.    R/F %DEP.    R/F %DEP.    R/F %DEP.    R/F %DEP.    R/F %DEP.    R/F %DEP.    R/F %DEP.
---------------------------------------------------------------------------------------------------------------------------------------------------------------

2009   0.0  -100    0.0  -100    3.2   -26    0.6   -97   15.6   -65   81.1   -49  540.1    56  221.3    -8  201.8    25  122.3    33  171.7   339    0.9   -88

2010   0.0  -100    0.0  -100    2.6   -40   14.3   -18    8.4   -81  306.2    91  378.3     9  232.1    -3  246.9    53  114.6    24   68.7    76    3.0   -61

2011   0.0  -100    4.2   500    0.6   -81    4.5   -68   24.7   -32  262.7    74  378.1    49  335.6    92  278.0    94   88.9    -7    0.0  -100    0.0  -100

2012   0.0  -100    0.0  -100    0.0  -100   23.8    70    4.7   -87  113.2   -25  195.9   -23  232.1    32  122.1   -15  125.0    31    1.4   -95    0.0  -100

2013   0.0  -100    1.4   100    0.3   -90    4.4   -69    8.4   -77  240.8    60  290.9    14  117.0   -33  218.2    52   35.8   -63    3.9   -87    4.5   -46

===============================================================================================================================================================
