                                                                  


District : SHOLAPUR




===============================================================================================================================================================
YEAR   JANUARY      FEBRUARY      MARCH        APRIL         MAY          JUNE         JULY        AUGUST     SEPTEMBER     OCTOBER      NOVEMBER     DECEMBER
---------------------------------------------------------------------------------------------------------------------------------------------------------------
       R/F %DEP.    R/F %DEP.    R/F %DEP.    R/F %DEP.    R/F %DEP.    R/F %DEP.    R/F %DEP.    R/F %DEP.    R/F %DEP.    R/F %DEP.    R/F %DEP.    R/F %DEP.
---------------------------------------------------------------------------------------------------------------------------------------------------------------

2009   0.0  -100    0.0  -100    1.0   -74    0.8   -92   32.8    23   75.3   -28   54.0   -48  167.0    55  230.4    26  109.8    33   54.1   106    3.2   -48

2010  21.4   478    1.4   -18    0.0  -100    5.1   -46    3.6   -86  146.1    40  182.3    75  258.2   139  138.2   -24   86.2     4   36.6    40    2.8   -55

2011   0.0  -100    0.0  -100    0.0  -100   27.4   198   18.9   -37   39.4   -62  142.6    43  174.8    72   43.3   -75   52.9   -44    0.0  -100    0.0  -100

2012   0.0  -100    0.0  -100    0.0  -100   31.4   241   28.7    -4   54.7   -47   87.8   -12   47.9   -53   94.2   -45  105.3    11    4.6   -81    0.0  -100

2013   0.0  -100    0.9   -40    1.5   -56   20.8   126   11.3   -62   89.0   -13  156.1    56   44.3   -56  225.6    33   38.7   -59    5.6   -77    0.0  -100

===============================================================================================================================================================
