                                                                  


District : SINDHUDURG




===============================================================================================================================================================
YEAR   JANUARY      FEBRUARY      MARCH        APRIL         MAY          JUNE         JULY        AUGUST     SEPTEMBER     OCTOBER      NOVEMBER     DECEMBER
---------------------------------------------------------------------------------------------------------------------------------------------------------------
       R/F %DEP.    R/F %DEP.    R/F %DEP.    R/F %DEP.    R/F %DEP.    R/F %DEP.    R/F %DEP.    R/F %DEP.    R/F %DEP.    R/F %DEP.    R/F %DEP.    R/F %DEP.
---------------------------------------------------------------------------------------------------------------------------------------------------------------

2009   0.0  -100    0.0  -100    0.0  -100    0.0  -100   21.3   -67  669.6   -18  1547.4   64  338.0   -44  382.7    29  585.9   406  104.4   220    0.0  -100

2010   0.0  -100    0.0  -100    0.0  -100   11.7   154   17.0   -73  1061.9   29  1794.0   90  867.2    44  559.5    88  292.5   152  151.4   364    0.5   -93

2011   0.0  -100    0.0  -100    0.0  -100    1.4   -67    0.0  -100  1193.6   31  1371.4   25  976.5    38  557.1    82   93.3   -35   44.9    47    0.0  -100

2012   0.0  -100    0.0  -100    0.0  -100    0.7   -84    0.0  -100  960.0     6  910.2   -17  790.5    12  409.7    34  195.5    37    0.0  -100    0.0  -100

2013   0.0  -100   21.9 21800    0.0  -100    0.0  -100   47.3   -20  934.7     3  1744.8   59  561.0   -21  366.2    20  129.1   -10    6.4   -79    0.0  -100

===============================================================================================================================================================
