                                                                  


District : THANE




===============================================================================================================================================================
YEAR   JANUARY      FEBRUARY      MARCH        APRIL         MAY          JUNE         JULY        AUGUST     SEPTEMBER     OCTOBER      NOVEMBER     DECEMBER
---------------------------------------------------------------------------------------------------------------------------------------------------------------
       R/F %DEP.    R/F %DEP.    R/F %DEP.    R/F %DEP.    R/F %DEP.    R/F %DEP.    R/F %DEP.    R/F %DEP.    R/F %DEP.    R/F %DEP.    R/F %DEP.    R/F %DEP.
---------------------------------------------------------------------------------------------------------------------------------------------------------------

2009   0.0  -100    0.0  -100    0.0  -100    0.0  -100    0.0  -100  131.1   -70  1290.5   30  176.2   -73  203.2   -40  189.2   146   62.9   253    0.0  -100

2010   0.0  -100    0.0  -100    1.4   367    0.0  -100    0.0  -100  380.4   -13  1007.2    2  851.1    32  426.1    27   94.3    23   80.2   351    0.0  -100

2011   0.0  -100    0.0  -100    0.0  -100    0.0  -100    0.0  -100  372.4   -15  1132.9   16  935.1    38  377.7    11   62.8   -26    0.0  -100    0.0  -100

2012   0.0  -100    0.0  -100    0.0  -100    0.0  -100    0.0  -100  241.0   -45  725.7   -25  544.4   -20  577.3    70  104.5    24    0.0  -100    0.0  -100

2013   0.0  -100    0.0  -100    0.0  -100    0.0  -100   12.5   -10  911.2   109  1157.7   19  483.6   -29  357.6     5  103.8    23    0.1   -99    0.0  -100

===============================================================================================================================================================
