                                                                  


District : WARDHA




===============================================================================================================================================================
YEAR   JANUARY      FEBRUARY      MARCH        APRIL         MAY          JUNE         JULY        AUGUST     SEPTEMBER     OCTOBER      NOVEMBER     DECEMBER
---------------------------------------------------------------------------------------------------------------------------------------------------------------
       R/F %DEP.    R/F %DEP.    R/F %DEP.    R/F %DEP.    R/F %DEP.    R/F %DEP.    R/F %DEP.    R/F %DEP.    R/F %DEP.    R/F %DEP.    R/F %DEP.    R/F %DEP.
---------------------------------------------------------------------------------------------------------------------------------------------------------------

2009   0.0  -100    0.0  -100    0.0  -100    3.8   -61   19.0    44   78.1   -51  290.8    -7  162.8   -38   87.1   -49   23.7   -48   70.5   352    3.6   -73

2010  11.2   -30    7.3   -43   19.8    64    0.0  -100    0.0  -100  157.5    -1  427.8    37  351.1    34  227.6    32   49.3     9   62.3   299    4.2   -69

2011   0.0  -100    6.8   -26    2.6   -80   50.3   492    9.5   -40  124.6   -27  236.8   -13  375.7    38  223.4    36    2.2   -96    0.0  -100    0.0  -100

2012   5.9   -47    0.5   -95    0.0  -100    2.0   -76    2.0   -87  112.9   -33  211.3   -23  203.2   -26  309.4    89   24.7   -57    8.1   -46    0.0  -100

2013  16.5    47   16.3    77    5.8   -56    7.5   -12    0.0  -100  306.9    81  495.1    81  168.9   -38   94.4   -42  115.9   100    0.0  -100    0.0  -100

===============================================================================================================================================================
