                                                                  


District : WASHIM




===============================================================================================================================================================
YEAR   JANUARY      FEBRUARY      MARCH        APRIL         MAY          JUNE         JULY        AUGUST     SEPTEMBER     OCTOBER      NOVEMBER     DECEMBER
---------------------------------------------------------------------------------------------------------------------------------------------------------------
       R/F %DEP.    R/F %DEP.    R/F %DEP.    R/F %DEP.    R/F %DEP.    R/F %DEP.    R/F %DEP.    R/F %DEP.    R/F %DEP.    R/F %DEP.    R/F %DEP.    R/F %DEP.
---------------------------------------------------------------------------------------------------------------------------------------------------------------

2009   0.0  -100    0.0  -100    5.0   -39    0.0  -100   11.6    21   75.1   -57  171.9   -36  123.6   -50  107.2   -34   31.7   -40   80.2   404    7.8    18

2010  19.1    85    6.0   -27   31.1   279    0.0  -100    5.0   -48  197.0    14  486.4    82  256.6     4   99.8   -38   42.2   -20   53.7   238    1.0   -85

2011   0.0  -100    5.5    -4   11.5    53   31.3   539   17.0   105  116.2   -33  260.0     6  251.3     0   97.0   -38    4.2   -93    0.0  -100    0.0  -100

2012   0.0  -100    0.0  -100    0.0  -100   10.8   120    7.0   -16  153.1   -12  328.5    34  156.6   -37  155.3    -1   51.6   -15    0.4   -97    0.0  -100

2013   6.4   -29   23.7   316    3.6   -52    3.8   -22    0.0  -100  463.6   168  305.6    25  261.6     4  148.1    -6  113.4    86    0.0  -100    0.0  -100

===============================================================================================================================================================
