                                                                  


District : EAST KHASI HILLS




===============================================================================================================================================================
YEAR   JANUARY      FEBRUARY      MARCH        APRIL         MAY          JUNE         JULY        AUGUST     SEPTEMBER     OCTOBER      NOVEMBER     DECEMBER
---------------------------------------------------------------------------------------------------------------------------------------------------------------
       R/F %DEP.    R/F %DEP.    R/F %DEP.    R/F %DEP.    R/F %DEP.    R/F %DEP.    R/F %DEP.    R/F %DEP.    R/F %DEP.    R/F %DEP.    R/F %DEP.    R/F %DEP.
---------------------------------------------------------------------------------------------------------------------------------------------------------------

2009   0.0  -100   45.0    83   59.0   -47  254.8   -13  659.5     9  766.9   -35  1482.0   35  1432.1   99  399.2   -29  284.9     4    2.2   -94    0.7   -92

2010   0.0  -100    0.5   -98  418.7   210  1427.4  284  757.4   -12  1883.4   11  1385.8  -19  1188.9    2  714.6    -4  478.0    67   15.0   -64   21.7   128

2011   6.3   -59   33.5    39  882.6   580  179.7   -42  492.8   -33  1443.8   -2  1056.0  -30  1379.9   35  620.3     2   57.2   -79    6.0   -85    2.7   -75

2012  16.4     6    0.0  -100   63.5   -51  505.3    62  286.8   -61  1367.6   -7  2089.5   38  874.3   -14  957.8    58  355.9    28   16.2   -60    0.3   -97

2013   0.3   -98   19.0   -21   16.4   -87  275.1   -12  864.2    18  1180.1  -20  1223.8  -19  894.4   -12  513.6   -15  308.5    11    0.0  -100    0.1   -99

===============================================================================================================================================================
