                                                                  


District : EAST GARO HILLS




===============================================================================================================================================================
YEAR   JANUARY      FEBRUARY      MARCH        APRIL         MAY          JUNE         JULY        AUGUST     SEPTEMBER     OCTOBER      NOVEMBER     DECEMBER
---------------------------------------------------------------------------------------------------------------------------------------------------------------
       R/F %DEP.    R/F %DEP.    R/F %DEP.    R/F %DEP.    R/F %DEP.    R/F %DEP.    R/F %DEP.    R/F %DEP.    R/F %DEP.    R/F %DEP.    R/F %DEP.    R/F %DEP.
---------------------------------------------------------------------------------------------------------------------------------------------------------------

2009   0.0  -100    0.0  -100   38.5   -17   98.1   -43  340.1   -21  462.7   -18  687.3    20  1120.4  168   56.8   -84  255.9    30    0.0  -100    0.0  -100

2010   0.0  -100    0.0  -100  102.1    59  549.5   125  365.6     4  301.1   -43  619.5    33  210.6   -41  160.9   -49  176.9    15    0.0  -100    0.0  -100

2011   0.0  -100   29.1    82  191.4   199   69.0   -72  460.0    31  533.4     0  424.6    -9  550.1    53  329.0     4   30.0   -81    0.0  -100    0.0  -100

2012   4.0   -29    0.0  -100    0.0  -100   70.0   -71   85.0   -76  929.0    75  853.0    83  149.5   -58  423.0    34  176.0    14    6.0   -83    0.0  -100

2013   0.0  -100   16.0     0    2.0   -97   16.0   -93   12.0   -97                            318.7   -11               155.2     1    0.0  -100    2.0   -81

===============================================================================================================================================================
