                                                                  


District : AJMER



===============================================================================================================================================================
YEAR   JANUARY      FEBRUARY      MARCH        APRIL         MAY          JUNE         JULY        AUGUST     SEPTEMBER     OCTOBER      NOVEMBER     DECEMBER
---------------------------------------------------------------------------------------------------------------------------------------------------------------
       R/F %DEP.    R/F %DEP.    R/F %DEP.    R/F %DEP.    R/F %DEP.    R/F %DEP.    R/F %DEP.    R/F %DEP.    R/F %DEP.    R/F %DEP.    R/F %DEP.    R/F %DEP.
---------------------------------------------------------------------------------------------------------------------------------------------------------------

2009   0.1   -98    0.0  -100    1.3   -61    0.3   -88    1.5   -88   13.6   -72  152.0   -13   60.5   -63   18.9   -74    0.4   -96    5.0    85    0.0  -100

2010   0.5   -90    1.1   -69    0.4   -88    0.6   -75    0.1   -99    5.3   -89  152.1   -13  277.5    69  113.0    57    0.6   -94  109.3  3948    1.2   -37

2011   0.0  -100   32.8  1540    0.0  -100    0.1   -95    0.8   -91   94.7   117  125.1   -27  262.7    69  135.0   125    0.0  -100    0.0  -100    0.0  -100

2012   0.0  -100    0.0  -100    0.0  -100    5.2   136   17.0    91   11.3   -74   89.5   -48  383.1   147  105.7    76    0.2   -98    0.0  -100    0.0  -100

2013   1.0   -73   11.1   455    0.0  -100    0.5   -77    0.1   -99   68.6    57  141.9   -17  163.0     5  159.7   166   11.2    15    1.5   -40    0.0  -100

===============================================================================================================================================================
