                                                                  


District : ALWAR



===============================================================================================================================================================
YEAR   JANUARY      FEBRUARY      MARCH        APRIL         MAY          JUNE         JULY        AUGUST     SEPTEMBER     OCTOBER      NOVEMBER     DECEMBER
---------------------------------------------------------------------------------------------------------------------------------------------------------------
       R/F %DEP.    R/F %DEP.    R/F %DEP.    R/F %DEP.    R/F %DEP.    R/F %DEP.    R/F %DEP.    R/F %DEP.    R/F %DEP.    R/F %DEP.    R/F %DEP.    R/F %DEP.
---------------------------------------------------------------------------------------------------------------------------------------------------------------

2009   0.0  -100    0.0  -100    1.9   -67    1.4   -70    1.8   -89   33.2   -23  144.5   -27  156.2   -25  140.7    36    1.4   -92   13.1   297    1.1   -78

2010   5.1   -42    8.3    -8    1.8   -69    0.0  -100    0.4   -98   40.2    -7  213.4     7  272.2    31  232.2   125    3.5   -81   36.7  1012    6.7    34

2011   0.0  -100   25.9   154    0.3   -95    2.4   -56   20.4    29   76.0    72  121.5   -38  193.8    -9  196.0    94    0.0  -100    0.0  -100    0.0  -100

2012   1.4   -85    0.0  -100    0.0  -100    2.4   -56   10.1   -36   12.4   -72  133.1   -32  324.8    52  114.5    13    0.0  -100    0.0  -100    0.0  -100

2013   0.0  -100   58.4   473    0.0  -100    3.8   -31    3.5   -78   62.9    42  216.0    10  255.2    20   41.8   -59   21.4     7    0.0  -100    0.0  -100

===============================================================================================================================================================
