                                                                  


District : BANSWARA



===============================================================================================================================================================
YEAR   JANUARY      FEBRUARY      MARCH        APRIL         MAY          JUNE         JULY        AUGUST     SEPTEMBER     OCTOBER      NOVEMBER     DECEMBER
---------------------------------------------------------------------------------------------------------------------------------------------------------------
       R/F %DEP.    R/F %DEP.    R/F %DEP.    R/F %DEP.    R/F %DEP.    R/F %DEP.    R/F %DEP.    R/F %DEP.    R/F %DEP.    R/F %DEP.    R/F %DEP.    R/F %DEP.
---------------------------------------------------------------------------------------------------------------------------------------------------------------

2009   0.0  -100    0.0  -100    0.0  -100    0.0  -100    0.0  -100   47.0   -55  317.9     6  222.5   -34  117.2   -30   11.9   -52    7.7   -43    0.8   -73

2010   0.0  -100    0.0  -100    0.0  -100    0.0  -100    0.0  -100   15.8   -85  175.0   -41  303.0   -11   93.7   -44    0.3   -99   16.8    25    0.0  -100

2011   0.0  -100    0.0  -100    0.0  -100    0.0  -100    0.0  -100   46.7   -52  248.6   -13  647.0   114  158.1     7    0.0  -100    0.0  -100    0.0  -100

2012   0.0  -100    0.0  -100    0.0  -100    0.0  -100    0.1   -98   19.5   -80  348.0    22  448.5    48  271.5    84    0.0  -100    0.0  -100    0.0  -100

2013   0.0  -100   11.9  2280    0.0  -100   12.1  1244    0.0  -100   84.2   -14  469.7    65  246.2   -19  178.3    21   56.2   130    0.0  -100    0.0  -100

===============================================================================================================================================================
