                                                                  


District : BARAN



===============================================================================================================================================================
YEAR   JANUARY      FEBRUARY      MARCH        APRIL         MAY          JUNE         JULY        AUGUST     SEPTEMBER     OCTOBER      NOVEMBER     DECEMBER
---------------------------------------------------------------------------------------------------------------------------------------------------------------
       R/F %DEP.    R/F %DEP.    R/F %DEP.    R/F %DEP.    R/F %DEP.    R/F %DEP.    R/F %DEP.    R/F %DEP.    R/F %DEP.    R/F %DEP.    R/F %DEP.    R/F %DEP.
---------------------------------------------------------------------------------------------------------------------------------------------------------------

2009   0.0  -100    0.0  -100    0.0  -100    0.0  -100    0.0  -100   27.1   -63  226.0   -25  227.5   -26  101.0   -22   47.5   111   29.1   223    3.2   -29

2010   0.0  -100    0.0  -100    0.0  -100    0.0  -100    0.0  -100   35.0   -53  205.8   -32  187.0   -39  129.1     0    0.0  -100   43.6   384    0.0  -100

2011   0.0  -100    0.0  -100    0.0  -100    0.0  -100    0.0  -100  661.9   803  260.7   -12  390.0    28  163.4    36    0.0  -100    0.0  -100    0.0  -100

2012   2.4   -66    0.0  -100    0.0  -100    1.0   -41   19.7   203   41.6   -43  285.2    -3  285.1    -6  107.4   -11    0.0  -100    0.0  -100    0.0  -100

2013   0.1   -99   22.7   609    0.3   -89    0.0  -100    0.0  -100  180.6   146  645.7   119  597.4    97   21.9   -82   33.9    35    0.0  -100    0.0  -100

===============================================================================================================================================================
