                                                                  


District : BARMER



===============================================================================================================================================================
YEAR   JANUARY      FEBRUARY      MARCH        APRIL         MAY          JUNE         JULY        AUGUST     SEPTEMBER     OCTOBER      NOVEMBER     DECEMBER
---------------------------------------------------------------------------------------------------------------------------------------------------------------
       R/F %DEP.    R/F %DEP.    R/F %DEP.    R/F %DEP.    R/F %DEP.    R/F %DEP.    R/F %DEP.    R/F %DEP.    R/F %DEP.    R/F %DEP.    R/F %DEP.    R/F %DEP.
---------------------------------------------------------------------------------------------------------------------------------------------------------------

2009   0.0  -100    0.0  -100    8.1   189    0.1   -95    0.8   -90   13.3   -43  118.4    42   34.4   -64    6.3   -82    0.0  -100    0.0  -100    0.0  -100

2010   1.1   -42    0.0  -100    0.0  -100    0.0  -100    0.0  -100   18.7   -20  174.5   109  174.7    81  108.6   218    0.0  -100   29.0   900    0.5   -17

2011   0.0  -100    9.4   453    0.0  -100    0.0  -100    0.1   -99    0.3   -99   85.5    -3  211.9   144  145.1   257    0.0  -100    0.0  -100    0.0  -100

2012   0.0  -100    0.0  -100    0.0  -100    0.0  -100    1.6   -82    3.5   -87   21.3   -76   82.0    -5  114.6   182    0.0  -100    0.0  -100    0.0  -100

2013   1.2     0    8.7   412    0.0  -100    2.5   -22    3.9   -57   43.8    60  119.2    35  139.5    61   62.5    54   24.1   488    0.0  -100    0.0  -100

===============================================================================================================================================================
