                                                                  


District : BHARATPUR



===============================================================================================================================================================
YEAR   JANUARY      FEBRUARY      MARCH        APRIL         MAY          JUNE         JULY        AUGUST     SEPTEMBER     OCTOBER      NOVEMBER     DECEMBER
---------------------------------------------------------------------------------------------------------------------------------------------------------------
       R/F %DEP.    R/F %DEP.    R/F %DEP.    R/F %DEP.    R/F %DEP.    R/F %DEP.    R/F %DEP.    R/F %DEP.    R/F %DEP.    R/F %DEP.    R/F %DEP.    R/F %DEP.
---------------------------------------------------------------------------------------------------------------------------------------------------------------

2009   0.0  -100    0.0  -100    0.0  -100    0.0  -100    0.0  -100   29.0   -25  185.1    -8  188.4   -21  115.8     7    9.8   -44   27.0   831    0.4   -91

2010   3.4   -68    1.4   -85    0.0  -100    1.4   -53    0.5   -95   17.9   -54  172.2   -15  184.5   -23  328.6   204    0.0  -100   40.5  1297    0.6   -86

2011   0.0  -100   31.1   249    0.0  -100    2.7   -29    7.3   -35  129.9   222  233.0    26  147.3   -36  190.2    85    0.0  -100    0.0  -100    0.0  -100

2012  26.3   183    0.0  -100    0.0  -100   11.7   208    1.8   -84   16.0   -60  175.3    -5  365.7    59  127.9    25    0.0  -100    0.0  -100    0.0  -100

2013   1.1   -88    9.4     6    0.0  -100    0.7   -82    3.8   -66   34.1   -16  188.7     2  237.4     3   44.9   -56   30.6    73    0.0  -100    0.0  -100

===============================================================================================================================================================
