                                                                  


District : BHILWARA



===============================================================================================================================================================
YEAR   JANUARY      FEBRUARY      MARCH        APRIL         MAY          JUNE         JULY        AUGUST     SEPTEMBER     OCTOBER      NOVEMBER     DECEMBER
---------------------------------------------------------------------------------------------------------------------------------------------------------------
       R/F %DEP.    R/F %DEP.    R/F %DEP.    R/F %DEP.    R/F %DEP.    R/F %DEP.    R/F %DEP.    R/F %DEP.    R/F %DEP.    R/F %DEP.    R/F %DEP.    R/F %DEP.
---------------------------------------------------------------------------------------------------------------------------------------------------------------

2009   0.0  -100    0.0  -100    7.4   100    0.0  -100    1.3   -88   25.3   -60  214.6    -3   88.8   -64   12.5   -88    4.5   -63    4.2   -48    0.0  -100

2010   2.2   -49    0.0  -100    0.0  -100    0.0  -100    0.0  -100   29.5   -53  147.4   -33  262.1     7  126.7    26    0.0  -100  132.4  1535    5.5     4

2011   0.0  -100    1.9   -50    0.0  -100    0.0  -100    0.0  -100  128.0   113  167.9   -21  287.5    32  133.7    49    0.0  -100    0.0  -100    0.0  -100

2012   0.0  -100    0.0  -100    0.0  -100    6.5   117   19.5    88   18.2   -70  118.0   -45  349.0    60  129.7    45    0.0  -100    0.1   -99    0.0  -100

2013   0.0  -100   19.4   411    0.0  -100    0.4   -87    0.9   -91   58.0    -3  268.9    26  232.5     7  103.0    15    8.0   -32    0.0  -100    0.0  -100

===============================================================================================================================================================
