                                                                  


District : BIKANER



===============================================================================================================================================================
YEAR   JANUARY      FEBRUARY      MARCH        APRIL         MAY          JUNE         JULY        AUGUST     SEPTEMBER     OCTOBER      NOVEMBER     DECEMBER
---------------------------------------------------------------------------------------------------------------------------------------------------------------
       R/F %DEP.    R/F %DEP.    R/F %DEP.    R/F %DEP.    R/F %DEP.    R/F %DEP.    R/F %DEP.    R/F %DEP.    R/F %DEP.    R/F %DEP.    R/F %DEP.    R/F %DEP.
---------------------------------------------------------------------------------------------------------------------------------------------------------------

2009   2.0   -44    7.9    36   15.5   204    0.0  -100   16.2    41   21.8    -5  108.5    43   23.2   -68    8.5   -78    0.1   -97    0.0  -100    0.8   -58

2010   1.3   -64    1.9   -67    0.0  -100    0.2   -94   10.5    -9   79.4   245   86.4    14  114.4    57  109.7   186    1.5   -62    3.5    75    7.3   284

2011   0.0  -100   15.3    96    3.8   -33    0.8   -80   14.5     1   13.1   -55   93.6     9  113.8    53   97.3   148    0.0  -100    0.0  -100    0.0  -100

2012   0.6   -85    0.0  -100    0.0  -100    5.3    29   33.1   131    4.3   -85   22.3   -74  172.4   131   72.5    85    3.5   -20    0.0  -100    6.2   158

2013   5.8    41   37.5   381    7.4    30    7.3    78    0.2   -99   22.4   -23   98.2    15  113.2    52    6.8   -83    4.4     0    0.4   -84    0.0  -100

===============================================================================================================================================================
