                                                                  


District : BUNDI



===============================================================================================================================================================
YEAR   JANUARY      FEBRUARY      MARCH        APRIL         MAY          JUNE         JULY        AUGUST     SEPTEMBER     OCTOBER      NOVEMBER     DECEMBER
---------------------------------------------------------------------------------------------------------------------------------------------------------------
       R/F %DEP.    R/F %DEP.    R/F %DEP.    R/F %DEP.    R/F %DEP.    R/F %DEP.    R/F %DEP.    R/F %DEP.    R/F %DEP.    R/F %DEP.    R/F %DEP.    R/F %DEP.
---------------------------------------------------------------------------------------------------------------------------------------------------------------

2009   0.0  -100    0.0  -100    0.0  -100    0.0  -100    0.3   -96   35.5   -45  207.8   -22   99.9   -59   23.5   -78    9.2   -47   11.0    25    0.0  -100

2010   0.0  -100    2.5   -44    0.0  -100    0.0  -100    0.0  -100   22.0   -66  129.8   -51  262.6     7  123.3    17    0.0  -100   75.0   752    1.5   -66

2011   0.0  -100    1.3   -61    0.0  -100    0.0  -100    0.4   -94  206.6   232  170.4   -34  253.7     8  168.3    66    0.0  -100    0.0  -100    0.0  -100

2012   0.0  -100    0.0  -100    0.0  -100    8.8   283   11.1    68   11.1   -82  156.9   -39  298.1    26  108.9     8    0.0  -100    0.0  -100    0.0  -100

2013   0.0  -100   16.4   397    0.0  -100    0.0  -100    0.0  -100   77.0    24  419.3    63  314.9    34   37.2   -63   31.5    89    0.0  -100    0.3   -92

===============================================================================================================================================================
