                                                                  


District : CHITTORGARH



===============================================================================================================================================================
YEAR   JANUARY      FEBRUARY      MARCH        APRIL         MAY          JUNE         JULY        AUGUST     SEPTEMBER     OCTOBER      NOVEMBER     DECEMBER
---------------------------------------------------------------------------------------------------------------------------------------------------------------
       R/F %DEP.    R/F %DEP.    R/F %DEP.    R/F %DEP.    R/F %DEP.    R/F %DEP.    R/F %DEP.    R/F %DEP.    R/F %DEP.    R/F %DEP.    R/F %DEP.    R/F %DEP.
---------------------------------------------------------------------------------------------------------------------------------------------------------------

2009   0.0  -100    0.0  -100    0.9   -76    0.0  -100    8.0   -19   49.8   -36  313.3    28  197.1   -32   61.9   -54    9.8   -51    6.1   -53    0.0  -100

2010   0.0  -100    0.1   -95    0.0  -100    0.0  -100    0.0  -100   41.4   -42  214.6    -8  329.1    16  111.1   -13    0.0  -100   75.5   499    5.6    47

2011   0.0  -100    0.0  -100    0.0  -100    0.0  -100    1.2   -88  120.2    68  251.8     1  326.2    21  151.1    28    0.0  -100    0.0  -100    0.0  -100

2012   0.0  -100    0.0  -100    0.0  -100    1.2   -64   20.7   105   21.2   -70  159.0   -36  432.8    60  126.8     7    0.0  -100    0.0  -100    0.0  -100

2013   0.0  -100    1.2   -20    0.0  -100    2.8   -15    0.2   -98  112.5    57  364.9    46  314.7    17  116.9    -1   15.4   -15    1.8   -86    0.0  -100

===============================================================================================================================================================
