                                                                  


District : CHURU



===============================================================================================================================================================
YEAR   JANUARY      FEBRUARY      MARCH        APRIL         MAY          JUNE         JULY        AUGUST     SEPTEMBER     OCTOBER      NOVEMBER     DECEMBER
---------------------------------------------------------------------------------------------------------------------------------------------------------------
       R/F %DEP.    R/F %DEP.    R/F %DEP.    R/F %DEP.    R/F %DEP.    R/F %DEP.    R/F %DEP.    R/F %DEP.    R/F %DEP.    R/F %DEP.    R/F %DEP.    R/F %DEP.
---------------------------------------------------------------------------------------------------------------------------------------------------------------

2009   7.1     1    4.0   -43    2.2   -65    5.5    34   11.2   -29   51.4    46   80.4   -37   44.7   -56    5.7   -89    0.6   -91    0.2   -92    0.2   -94

2010   3.5   -50    4.4   -37    3.9   -38    1.0   -76    0.7   -96   67.9    92  132.1     3  194.8    92  171.6   220    0.0  -100   13.9   435   20.1   548

2011   0.0  -100   13.5    82    8.2    30    4.6    -6   37.6   129  181.6   382  102.6   -19  191.2    88  111.2   133    0.0  -100    0.0  -100    0.0  -100

2012   0.9   -85    0.0  -100    0.0  -100   17.7   261   26.2    60    0.3   -99  104.4   -18  230.2   126   42.9   -10    2.2   -78    0.0  -100    5.0   108

2013  28.6   361   32.6   341    2.7   -57    3.6   -27    1.0   -94   31.8   -16  162.3    28  140.9    39   48.2     1    7.1   -28    9.1   279    0.0  -100

===============================================================================================================================================================
