                                                                  


District : DAUSA



===============================================================================================================================================================
YEAR   JANUARY      FEBRUARY      MARCH        APRIL         MAY          JUNE         JULY        AUGUST     SEPTEMBER     OCTOBER      NOVEMBER     DECEMBER
---------------------------------------------------------------------------------------------------------------------------------------------------------------
       R/F %DEP.    R/F %DEP.    R/F %DEP.    R/F %DEP.    R/F %DEP.    R/F %DEP.    R/F %DEP.    R/F %DEP.    R/F %DEP.    R/F %DEP.    R/F %DEP.    R/F %DEP.
---------------------------------------------------------------------------------------------------------------------------------------------------------------

2009   0.0  -100    0.0  -100    0.0  -100    0.0  -100    0.0  -100   24.2   -53  138.6   -36  116.2   -48   83.8   -17   19.8    21   12.3   200    0.0  -100

2010   2.4   -75    1.8   -75    0.0  -100    0.0  -100    0.0  -100   16.6   -68  193.5   -10  243.1    10  184.4    82    0.0  -100   57.6  1305    0.6   -80

2011   0.0  -100   24.4   249    0.0  -100    0.0  -100   16.3    27  107.6   105  184.2   -22  262.2    15  188.2    99    0.0  -100    0.0  -100    0.0  -100

2012   6.0   -31    0.0  -100    0.0  -100    3.2   -22    7.9   -38   14.7   -72  196.1   -17  501.2   120   63.7   -33    0.0  -100    0.0  -100    0.0  -100

2013   0.0  -100   40.5   479    0.0  -100    0.0  -100    1.3   -90  102.4    95  291.5    23  308.6    35   56.2   -41   27.8    63    0.0  -100    2.8   -32

===============================================================================================================================================================
