                                                                  


District : DUNGARPUR



===============================================================================================================================================================
YEAR   JANUARY      FEBRUARY      MARCH        APRIL         MAY          JUNE         JULY        AUGUST     SEPTEMBER     OCTOBER      NOVEMBER     DECEMBER
---------------------------------------------------------------------------------------------------------------------------------------------------------------
       R/F %DEP.    R/F %DEP.    R/F %DEP.    R/F %DEP.    R/F %DEP.    R/F %DEP.    R/F %DEP.    R/F %DEP.    R/F %DEP.    R/F %DEP.    R/F %DEP.    R/F %DEP.
---------------------------------------------------------------------------------------------------------------------------------------------------------------

2009   0.0  -100    0.0  -100    0.7   -63    0.0  -100    0.0  -100   35.1   -57  363.3    59  238.3    -6   61.2   -50   14.8    -2    6.0   -53    0.0  -100

2010   0.0  -100    0.0  -100    0.0  -100    0.0  -100    0.0  -100   25.6   -69  177.3   -22  248.4    -2  106.1   -13    0.0  -100   36.0   181    0.0  -100

2011   0.0  -100    0.0  -100    0.0  -100    0.0  -100    0.0  -100   15.5   -80  279.1    22  471.8   113  189.3    72    0.0  -100    0.0  -100    0.0  -100

2012   0.0  -100    0.0  -100    0.0  -100    0.0  -100    0.0  -100    4.5   -94  273.5    20  344.7    55  306.8   178    0.0  -100    0.0  -100    0.0  -100

2013   0.0  -100   13.3  2117    0.0  -100    8.8   633    0.0  -100   73.8    -4  402.5    76  190.0   -14  198.1    80   68.8   365    0.0  -100    0.0  -100

===============================================================================================================================================================
