                                                                  


District : HANUMANGARH



===============================================================================================================================================================
YEAR   JANUARY      FEBRUARY      MARCH        APRIL         MAY          JUNE         JULY        AUGUST     SEPTEMBER     OCTOBER      NOVEMBER     DECEMBER
---------------------------------------------------------------------------------------------------------------------------------------------------------------
       R/F %DEP.    R/F %DEP.    R/F %DEP.    R/F %DEP.    R/F %DEP.    R/F %DEP.    R/F %DEP.    R/F %DEP.    R/F %DEP.    R/F %DEP.    R/F %DEP.    R/F %DEP.
---------------------------------------------------------------------------------------------------------------------------------------------------------------

2009   0.0  -100    6.0   -25    0.0  -100    0.0  -100    0.0  -100    7.1   -73   47.1   -54   67.1   -24   36.3    -8    0.0  -100    0.0  -100    0.0  -100

2010   0.0  -100    0.0  -100    0.0  -100    0.0  -100    0.0  -100   44.3    70   92.4   -10   85.8    -3  116.7   196    0.0  -100    0.0  -100    0.0  -100

2011   0.0  -100    3.9   -55    0.0  -100    7.6    55   16.3    25   47.4    47   44.4   -57  142.9    71  127.4   280    0.0  -100    0.0  -100    0.0  -100

2012   0.0  -100    0.0  -100    0.0  -100   15.1   208    0.0  -100    3.5   -89   85.6   -17   97.5    17   38.5    15    8.2   141    0.0  -100    0.0  -100

2013  11.4    52   39.9   364    5.4    -5    2.8   -43    0.0  -100   40.5    26   98.6    -5  128.4    54   24.1   -28    2.3   -32    0.7   -81    0.0  -100

===============================================================================================================================================================
