                                                                  


District : JAIPUR



===============================================================================================================================================================
YEAR   JANUARY      FEBRUARY      MARCH        APRIL         MAY          JUNE         JULY        AUGUST     SEPTEMBER     OCTOBER      NOVEMBER     DECEMBER
---------------------------------------------------------------------------------------------------------------------------------------------------------------
       R/F %DEP.    R/F %DEP.    R/F %DEP.    R/F %DEP.    R/F %DEP.    R/F %DEP.    R/F %DEP.    R/F %DEP.    R/F %DEP.    R/F %DEP.    R/F %DEP.    R/F %DEP.
---------------------------------------------------------------------------------------------------------------------------------------------------------------

2009   0.0  -100    0.0  -100    1.6   -47    0.3   -93    3.0   -80   33.6   -31  114.2   -46  102.2   -48   36.6   -53    3.5   -71    3.1    24    0.0  -100

2010   1.8   -76    2.6   -65    0.0  -100    2.1   -49    1.3   -91   15.9   -67  204.3    -3  325.0    66  165.3   114    0.4   -97   73.1  2824    4.1    78

2011   0.0  -100   32.6   335    0.0  -100    5.9    51    3.8   -75  115.1   121  135.1   -35  228.8    19  160.5   120    0.0  -100    0.0  -100    0.0  -100

2012   0.0  -100    0.0  -100    0.0  -100    4.5    15    4.2   -72    1.5   -97  118.4   -43  407.4   112   98.6    35    0.3   -97    0.0  -100    0.0  -100

2013   0.1   -99   31.8   324    0.5   -79    3.0   -23    2.2   -85   91.6    76  196.3    -5  262.0    36   41.7   -43   15.3    30    0.6   -78    0.0  -100

===============================================================================================================================================================
