                                                                  


District : JALORE



===============================================================================================================================================================
YEAR   JANUARY      FEBRUARY      MARCH        APRIL         MAY          JUNE         JULY        AUGUST     SEPTEMBER     OCTOBER      NOVEMBER     DECEMBER
---------------------------------------------------------------------------------------------------------------------------------------------------------------
       R/F %DEP.    R/F %DEP.    R/F %DEP.    R/F %DEP.    R/F %DEP.    R/F %DEP.    R/F %DEP.    R/F %DEP.    R/F %DEP.    R/F %DEP.    R/F %DEP.    R/F %DEP.
---------------------------------------------------------------------------------------------------------------------------------------------------------------

2009   0.0  -100    0.0  -100   16.0   493    0.0  -100    0.0  -100   24.6   -27  132.0   -18   17.3   -89    2.1   -96    0.0  -100    0.0  -100    0.0  -100

2010   2.6    -4    0.0  -100    0.0  -100    0.0  -100    0.0  -100    7.3   -78  316.8    97  238.7    52   92.8    64    0.4   -93  114.4  1405    0.5   -38

2011   0.0  -100    5.8   427    0.0  -100    0.0  -100    2.5   -70    0.0  -100  168.2     4  273.3   107  175.5   164    0.0  -100    0.0  -100    0.0  -100

2012   0.2   -89    0.0  -100    0.0  -100    0.0  -100    0.0  -100    0.5   -99   85.1   -47  100.6   -24   96.7    46    0.0  -100    0.0  -100    0.0  -100

2013  17.7   883    9.4   755    0.0  -100    3.7   164    1.1   -87   70.9   106  147.9    -8  155.6    18  166.0   150   35.2   283    0.0  -100    0.0  -100

===============================================================================================================================================================
