                                                                  


District : JHALAWAR



===============================================================================================================================================================
YEAR   JANUARY      FEBRUARY      MARCH        APRIL         MAY          JUNE         JULY        AUGUST     SEPTEMBER     OCTOBER      NOVEMBER     DECEMBER
---------------------------------------------------------------------------------------------------------------------------------------------------------------
       R/F %DEP.    R/F %DEP.    R/F %DEP.    R/F %DEP.    R/F %DEP.    R/F %DEP.    R/F %DEP.    R/F %DEP.    R/F %DEP.    R/F %DEP.    R/F %DEP.    R/F %DEP.
---------------------------------------------------------------------------------------------------------------------------------------------------------------

2009   1.5   -85    0.0  -100    0.0  -100    0.0  -100    7.0     1   37.9   -58  343.7    11  118.1   -66  105.2   -33   44.5    84   24.5    67    6.8    31

2010   2.8   -73    0.3   -92    0.0  -100    0.0  -100    0.0  -100   28.9   -68  243.8   -21  197.7   -42   88.7   -43    0.0  -100   39.3   167    0.0  -100

2011   0.0  -100    0.0  -100    0.0  -100    0.0  -100    0.0  -100  391.5   366  338.8    19  345.9     3  156.5     5    0.0  -100    0.0  -100    0.0  -100

2012   1.1   -84    0.0  -100    0.0  -100    0.0  -100   11.4    63   20.7   -75  263.9    -8  282.8   -16  109.8   -27    0.0  -100    0.0  -100    0.2   -96

2013   0.1   -99   28.7  1148    3.3    -3    0.0  -100    0.0  -100  160.7    91  659.4   131  478.6    43   65.9   -56   41.1    52    0.6   -95    0.4   -93

===============================================================================================================================================================
