                                                                  


District : JHUNJHUNU



===============================================================================================================================================================
YEAR   JANUARY      FEBRUARY      MARCH        APRIL         MAY          JUNE         JULY        AUGUST     SEPTEMBER     OCTOBER      NOVEMBER     DECEMBER
---------------------------------------------------------------------------------------------------------------------------------------------------------------
       R/F %DEP.    R/F %DEP.    R/F %DEP.    R/F %DEP.    R/F %DEP.    R/F %DEP.    R/F %DEP.    R/F %DEP.    R/F %DEP.    R/F %DEP.    R/F %DEP.    R/F %DEP.
---------------------------------------------------------------------------------------------------------------------------------------------------------------

2009   0.8   -91    0.8   -92    1.5   -79    0.0  -100    2.1   -91   46.6    -1   81.0   -48   72.5   -51   44.7   -34    0.0  -100    0.7   -81    0.0  -100

2010   1.8   -80    1.2   -88    0.3   -96    0.0  -100    1.0   -95   48.9     4  139.4   -10  258.3    75  203.0   202    0.1   -99   22.5   508    6.7     2

2011   0.2   -97   41.9   360    5.6   -11    2.0   -60   37.7    82   99.3    88  109.8   -28  206.1    43  149.2   149    0.0  -100    0.0  -100    0.0  -100

2012   0.0  -100    0.0  -100    0.0  -100   11.5   130   21.6     4    5.3   -90   76.1   -50  316.8   120   25.7   -57    0.1   -99    0.0  -100    0.7   -87

2013  15.0    95   31.6   247    0.7   -89    6.0    20    2.6   -87   23.5   -56  165.1     8  152.0     6   66.2    10    8.4   -37   14.5   314    0.0  -100

===============================================================================================================================================================
