                                                                  


District : JODHPUR



===============================================================================================================================================================
YEAR   JANUARY      FEBRUARY      MARCH        APRIL         MAY          JUNE         JULY        AUGUST     SEPTEMBER     OCTOBER      NOVEMBER     DECEMBER
---------------------------------------------------------------------------------------------------------------------------------------------------------------
       R/F %DEP.    R/F %DEP.    R/F %DEP.    R/F %DEP.    R/F %DEP.    R/F %DEP.    R/F %DEP.    R/F %DEP.    R/F %DEP.    R/F %DEP.    R/F %DEP.    R/F %DEP.
---------------------------------------------------------------------------------------------------------------------------------------------------------------

2009   0.0  -100    1.3   -63    0.4   -87    0.0  -100    3.0   -74   14.3   -48   89.3   -24   22.2   -79    8.7   -79    0.0  -100    0.0  -100    0.0  -100

2010   0.3   -91    0.1   -97    0.0  -100    1.3   -58    0.1   -99   22.1   -19  109.1    -8  147.1    41  111.8   164    0.0  -100   40.3  1450    8.9   536

2011   0.0  -100   21.0   577    0.0  -100    2.4   -54    3.7   -67    7.9   -72  102.8    -6  158.0    67   98.6   132    0.2   -96    0.0  -100    0.0  -100

2012   0.5   -83    0.0  -100    0.0  -100   19.0   265    9.3   -16   10.9   -61   20.6   -81  181.3    92  107.0   152    0.1   -98    0.0  -100    0.1   -90

2013   7.8   169   16.9   445    1.7   -37    0.0  -100    2.5   -77   51.2    84  126.5    16  157.1    66  128.1   201    0.9   -82    0.0  -100    0.0  -100

===============================================================================================================================================================
