                                                                  


District : KARAULI



===============================================================================================================================================================
YEAR   JANUARY      FEBRUARY      MARCH        APRIL         MAY          JUNE         JULY        AUGUST     SEPTEMBER     OCTOBER      NOVEMBER     DECEMBER
---------------------------------------------------------------------------------------------------------------------------------------------------------------
       R/F %DEP.    R/F %DEP.    R/F %DEP.    R/F %DEP.    R/F %DEP.    R/F %DEP.    R/F %DEP.    R/F %DEP.    R/F %DEP.    R/F %DEP.    R/F %DEP.    R/F %DEP.
---------------------------------------------------------------------------------------------------------------------------------------------------------------

2009   0.0  -100    0.0  -100    0.0  -100    0.0  -100    0.0  -100   43.0    -8   83.5   -63  211.8   -18   88.8   -15   62.0   297   33.3   693    0.0  -100

2010   7.4    -9    2.7   -61    0.0  -100    0.0  -100    0.0  -100   24.4   -48  223.8    -1  253.4    -2  112.8     8    0.0  -100   84.6  1914    0.0  -100

2011   0.0  -100   23.3   203    0.0  -100    0.0  -100   20.8   110  149.9   195  161.5   -27  169.7   -37  142.0    47    0.0  -100    0.0  -100    0.0  -100

2012   5.2   -43    0.0  -100    0.0  -100    5.3   121    6.9   -30   10.1   -80  218.4    -1  441.4    64   63.0   -35    0.0  -100    0.0  -100    0.0  -100

2013   0.0  -100   41.8   443    0.5   -86    7.6   217    0.0  -100   81.3    60  317.9    44  342.9    27   30.3   -69   10.8   -36    0.0  -100    1.8   -53

===============================================================================================================================================================
