                                                                  


District : KOTA



===============================================================================================================================================================
YEAR   JANUARY      FEBRUARY      MARCH        APRIL         MAY          JUNE         JULY        AUGUST     SEPTEMBER     OCTOBER      NOVEMBER     DECEMBER
---------------------------------------------------------------------------------------------------------------------------------------------------------------
       R/F %DEP.    R/F %DEP.    R/F %DEP.    R/F %DEP.    R/F %DEP.    R/F %DEP.    R/F %DEP.    R/F %DEP.    R/F %DEP.    R/F %DEP.    R/F %DEP.    R/F %DEP.
---------------------------------------------------------------------------------------------------------------------------------------------------------------

2009   0.0  -100    0.0  -100    2.4   -31    0.4   -64    1.8   -67   35.2   -44  316.1    13  113.0   -58   35.6   -71   34.9    75   33.7   244    4.8    33

2010   0.5   -94    1.2   -54    0.0  -100    0.8   -27    0.0  -100   29.5   -53  167.8   -40  251.2    -6   90.0   -27    0.2   -99   52.0   431    0.3   -92

2011   0.0  -100    4.5    41    0.0  -100    0.0  -100    2.8   -59  409.0   486  242.1   -12  358.7    30  179.9    44    0.0  -100    0.0  -100    0.0  -100

2012   5.9   -13    0.0  -100    0.0  -100    5.5   120   26.0   277   22.3   -68  197.7   -28  269.0    -3  109.8   -12    0.0  -100    0.0  -100    0.0  -100

2013   0.0  -100   14.5   353    2.6   -19    1.6   -36    0.3   -96  149.6   114  501.7    82  381.3    38   63.0   -49   72.6   192    0.4   -96    3.2    -9

===============================================================================================================================================================
