                                                                  


District : NAGAUR



===============================================================================================================================================================
YEAR   JANUARY      FEBRUARY      MARCH        APRIL         MAY          JUNE         JULY        AUGUST     SEPTEMBER     OCTOBER      NOVEMBER     DECEMBER
---------------------------------------------------------------------------------------------------------------------------------------------------------------
       R/F %DEP.    R/F %DEP.    R/F %DEP.    R/F %DEP.    R/F %DEP.    R/F %DEP.    R/F %DEP.    R/F %DEP.    R/F %DEP.    R/F %DEP.    R/F %DEP.    R/F %DEP.
---------------------------------------------------------------------------------------------------------------------------------------------------------------

2009   4.0   -27    0.0  -100    0.0  -100    0.0  -100    0.0  -100   26.5   -33   74.3   -51   35.3   -70    9.0   -83    0.0  -100    0.0  -100    0.0  -100

2010   0.0  -100    4.8   -23    0.0  -100    0.0  -100    0.0  -100   47.7    21  135.3   -11  234.8   100   89.8    68    0.0  -100   17.3   541    0.0  -100

2011   0.0  -100   10.5    91    0.0  -100    1.1   -77    5.5   -64   58.1    37  123.5   -13  142.0    22   64.7    36    0.3   -96    0.0  -100    0.0  -100

2012   0.4   -90    0.0  -100    0.0  -100    1.1   -77   19.0    24    5.0   -88   24.7   -83  349.4   201   99.4   110    0.3   -96    0.0  -100    0.1   -96

2013  22.5   449   17.0   209    0.1   -96    2.0   -57    2.2   -86   28.6   -33  120.6   -15  177.7    53  115.5   144   12.8    62    0.9   -65    0.0  -100

===============================================================================================================================================================
