                                                                  


District : PALI



===============================================================================================================================================================
YEAR   JANUARY      FEBRUARY      MARCH        APRIL         MAY          JUNE         JULY        AUGUST     SEPTEMBER     OCTOBER      NOVEMBER     DECEMBER
---------------------------------------------------------------------------------------------------------------------------------------------------------------
       R/F %DEP.    R/F %DEP.    R/F %DEP.    R/F %DEP.    R/F %DEP.    R/F %DEP.    R/F %DEP.    R/F %DEP.    R/F %DEP.    R/F %DEP.    R/F %DEP.    R/F %DEP.
---------------------------------------------------------------------------------------------------------------------------------------------------------------

2009   0.0  -100    0.0  -100    0.0  -100    0.0  -100    0.0  -100   28.0   -32  179.3     6   60.1   -63    3.2   -96    0.0  -100    0.0  -100    0.0  -100

2010   0.0  -100    0.0  -100    0.0  -100    0.0  -100    0.0  -100    6.8   -83  159.8    -5  248.4    53  121.4    52    0.0  -100   41.1   813    2.3    53

2011   0.0  -100   11.3   352    0.7   -76    0.0  -100    3.1   -67   18.5   -56  157.7   -11  282.7    85  165.9   122    0.1   -99    0.0  -100    0.0  -100

2012   0.4   -89    0.0  -100    0.0  -100    7.7   185    6.9   -27   11.2   -73   86.6   -51  271.0    77  121.4    63    0.3   -97    0.4   -91    0.0  -100

2013  12.0   224    4.0    60    0.0  -100    1.0   -63    0.2   -98   61.5    47  148.4   -16  178.9    17  112.6    51   19.9    67    0.0  -100    0.0  -100

===============================================================================================================================================================
