                                                                  


District : RAJSAMAND



===============================================================================================================================================================
YEAR   JANUARY      FEBRUARY      MARCH        APRIL         MAY          JUNE         JULY        AUGUST     SEPTEMBER     OCTOBER      NOVEMBER     DECEMBER
---------------------------------------------------------------------------------------------------------------------------------------------------------------
       R/F %DEP.    R/F %DEP.    R/F %DEP.    R/F %DEP.    R/F %DEP.    R/F %DEP.    R/F %DEP.    R/F %DEP.    R/F %DEP.    R/F %DEP.    R/F %DEP.    R/F %DEP.
---------------------------------------------------------------------------------------------------------------------------------------------------------------

2009   0.0  -100    0.0  -100    0.0  -100    0.0  -100    0.0  -100   60.6    -5  239.3    49   85.4   -51    3.9   -95    0.0  -100    1.2   -83    0.0  -100

2010   0.0  -100    0.0  -100    0.0  -100    0.0  -100    0.0  -100   19.7   -69  217.9    36  311.9    78   90.7     6    0.0  -100  168.0  2266    0.0  -100

2011   0.0  -100    5.0   127    0.0  -100    0.0  -100    0.8   -93   30.8   -55  140.1   -21  360.0   103  185.7   122    0.0  -100    0.0  -100    0.0  -100

2012   0.0  -100    0.0  -100    0.0  -100    0.2   -92   22.0    79   24.8   -64   90.6   -49  307.6    73  156.7    88    0.0  -100    0.0  -100    0.0  -100

2013   0.0  -100    8.3   277    0.0  -100    2.5    -4    0.0  -100   70.8     4  264.5    50  192.4     8  117.9    41   34.0   148    0.0  -100    0.0  -100

===============================================================================================================================================================
