                                                                  


District : SAWAI MADHOPUR



===============================================================================================================================================================
YEAR   JANUARY      FEBRUARY      MARCH        APRIL         MAY          JUNE         JULY        AUGUST     SEPTEMBER     OCTOBER      NOVEMBER     DECEMBER
---------------------------------------------------------------------------------------------------------------------------------------------------------------
       R/F %DEP.    R/F %DEP.    R/F %DEP.    R/F %DEP.    R/F %DEP.    R/F %DEP.    R/F %DEP.    R/F %DEP.    R/F %DEP.    R/F %DEP.    R/F %DEP.    R/F %DEP.
---------------------------------------------------------------------------------------------------------------------------------------------------------------

2009   0.0  -100    0.0  -100    1.0   -71    1.0   -66    6.6   -37   23.9   -58  113.6   -57  155.0   -43   37.3   -65   82.8   427   20.1   302    0.0  -100

2010   7.0    -5    2.9   -57    0.0  -100    0.0  -100    1.3   -88   10.4   -82  164.7   -38  299.8    10  200.3    88    0.0  -100  105.6  2012    0.7   -83

2011   0.0  -100    2.0   -69    0.0  -100    0.0  -100    3.0   -69  214.7   298  201.8   -20  298.2    13  114.1    24    0.0  -100    0.0  -100    0.0  -100

2012   4.8   -34    0.0  -100    0.0  -100    5.0    72   16.1    64    3.2   -94  144.5   -43  457.1    73   70.0   -24    0.0  -100    0.0  -100    0.0  -100

2013   0.0  -100   32.4   406    0.1   -97    9.1   214    2.3   -77  124.4   131  354.8    40  365.5    38   38.4   -58   12.9   -34    0.0  -100    0.1   -97

===============================================================================================================================================================
