                                                                  


District : SIROHI



===============================================================================================================================================================
YEAR   JANUARY      FEBRUARY      MARCH        APRIL         MAY          JUNE         JULY        AUGUST     SEPTEMBER     OCTOBER      NOVEMBER     DECEMBER
---------------------------------------------------------------------------------------------------------------------------------------------------------------
       R/F %DEP.    R/F %DEP.    R/F %DEP.    R/F %DEP.    R/F %DEP.    R/F %DEP.    R/F %DEP.    R/F %DEP.    R/F %DEP.    R/F %DEP.    R/F %DEP.    R/F %DEP.
---------------------------------------------------------------------------------------------------------------------------------------------------------------

2009   0.0  -100    0.0  -100    3.0   -21    0.0  -100    0.0  -100   38.9   -34  312.3    34   90.6   -58   29.1   -73    0.0  -100    0.0  -100    0.0  -100

2010   2.3   -43    0.0  -100    0.0  -100    0.0  -100    0.0  -100   28.1   -52  328.8    41  408.8    88  135.5    27    1.4   -86  147.2  2313    5.3   130

2011   0.0  -100    0.7   -53    0.0  -100    0.0  -100    2.3   -77    0.9   -99  258.5   -22  640.6   105  404.8   167    0.0  -100    0.0  -100    0.0  -100

2012   0.0  -100    0.0  -100    0.0  -100    0.4   -85    1.7   -83    3.8   -95  236.7   -29  355.6    14  202.5    34    4.5   -65    0.0  -100    0.0  -100

2013   2.7   -34    1.8    20    0.0  -100    7.8   189    0.3   -97   85.2    18  308.5    -7  213.9   -32  245.2    62   92.1   614    0.0  -100    0.0  -100

===============================================================================================================================================================
