                                                                  


District : SRI GANGANAGAR



===============================================================================================================================================================
YEAR   JANUARY      FEBRUARY      MARCH        APRIL         MAY          JUNE         JULY        AUGUST     SEPTEMBER     OCTOBER      NOVEMBER     DECEMBER
---------------------------------------------------------------------------------------------------------------------------------------------------------------
       R/F %DEP.    R/F %DEP.    R/F %DEP.    R/F %DEP.    R/F %DEP.    R/F %DEP.    R/F %DEP.    R/F %DEP.    R/F %DEP.    R/F %DEP.    R/F %DEP.    R/F %DEP.
---------------------------------------------------------------------------------------------------------------------------------------------------------------

2009   3.7   -42    2.4   -65    9.7    24    4.7   -10    0.5   -96    3.5   -85   82.2     4   25.9   -61   35.4     9    0.0  -100    0.0  -100    0.0  -100

2010   2.6   -59    6.2   -10    0.1   -99    0.0  -100    1.7   -85   25.8    12   74.8    -5  153.3   129   78.3   141    0.0  -100    0.0  -100    0.2   -95

2011   0.0  -100   10.3    29    0.3   -97   10.9    56   22.1    91   12.3   -52   26.2   -67  146.9   126  149.3   371    0.0  -100    0.0  -100    0.0  -100

2012   0.8   -87    0.2   -98    0.0  -100   10.5    50    0.1   -99   10.1   -60   57.0   -28   67.2     4   99.9   215   10.5   239    0.0  -100    2.5   -43

2013   3.8   -37   49.5   519    1.7   -82    7.3     4    0.0  -100   18.1   -29   50.6   -36   93.4    44    4.8   -85    0.7   -77    3.4    62    0.0  -100

===============================================================================================================================================================
