                                                                  


District : TONK



===============================================================================================================================================================
YEAR   JANUARY      FEBRUARY      MARCH        APRIL         MAY          JUNE         JULY        AUGUST     SEPTEMBER     OCTOBER      NOVEMBER     DECEMBER
---------------------------------------------------------------------------------------------------------------------------------------------------------------
       R/F %DEP.    R/F %DEP.    R/F %DEP.    R/F %DEP.    R/F %DEP.    R/F %DEP.    R/F %DEP.    R/F %DEP.    R/F %DEP.    R/F %DEP.    R/F %DEP.    R/F %DEP.
---------------------------------------------------------------------------------------------------------------------------------------------------------------

2009   0.0  -100    0.0  -100    0.0  -100    0.0  -100    0.0  -100   14.7   -73  161.8   -25   84.9   -60   26.4   -70    0.0  -100    8.0    74    0.0  -100

2010   1.8   -68    0.8   -85    0.0  -100    0.0  -100    0.0  -100    4.1   -92  197.3    -9  343.7    60  129.8    47    0.0  -100   90.2  1861    2.8   -13

2011   0.0  -100    5.8     9    0.0  -100    0.7   -77    1.0   -90  167.6   199  157.4   -28  332.0    58  148.0    86    0.0  -100    0.0  -100    0.0  -100

2012   0.0  -100    0.0  -100    0.0  -100    3.9    30   14.7    46    9.4   -83  134.9   -39  394.9    88  109.5    37    0.1   -99    0.0  -100    0.0  -100

2013   0.0  -100   19.2   262    0.1   -96    1.1   -63    0.4   -96   91.8    64  306.3    39  332.1    58   30.4   -62   10.6   -24    0.5   -90    0.4   -87

===============================================================================================================================================================
