                                                                  


District : UDAIPUR



===============================================================================================================================================================
YEAR   JANUARY      FEBRUARY      MARCH        APRIL         MAY          JUNE         JULY        AUGUST     SEPTEMBER     OCTOBER      NOVEMBER     DECEMBER
---------------------------------------------------------------------------------------------------------------------------------------------------------------
       R/F %DEP.    R/F %DEP.    R/F %DEP.    R/F %DEP.    R/F %DEP.    R/F %DEP.    R/F %DEP.    R/F %DEP.    R/F %DEP.    R/F %DEP.    R/F %DEP.    R/F %DEP.
---------------------------------------------------------------------------------------------------------------------------------------------------------------

2009   0.0  -100    0.0  -100    1.3   -76    0.0  -100    6.2   -22   73.5    -4  305.0    55  167.1   -22   24.0   -79    1.0   -93    4.7   -61    0.0  -100

2010   0.3   -91    0.0  -100    0.0  -100    0.0  -100    0.0  -100   49.6   -35  280.8    43  343.8    60  104.1   -10    0.0  -100   94.2   692    0.9   -63

2011   0.0  -100    0.0  -100    0.0  -100    0.0  -100    0.0  -100   39.7   -46  232.1    12  376.8    85  199.2    87    0.0  -100    0.0  -100    0.0  -100

2012   0.0  -100    0.0  -100    0.0  -100    1.1   -50   13.3    62   32.6   -56  181.2   -13  245.2    20  230.8   117    0.0  -100    0.0  -100    0.0  -100

2013   0.0  -100    4.4   120    0.0  -100    4.0    82    0.9   -89   99.2    35  286.9    38  168.5   -17  148.3    39   35.4   133    0.0  -100    0.0  -100

===============================================================================================================================================================
