District : ARARIA
===============================================================================================================================================================
YEAR   JANUARY      FEBRUARY      MARCH        APRIL         MAY          JUNE         JULY        AUGUST     SEPTEMBER     OCTOBER      NOVEMBER     DECEMBER
---------------------------------------------------------------------------------------------------------------------------------------------------------------
       R/F %DEP.    R/F %DEP.    R/F %DEP.    R/F %DEP.    R/F %DEP.    R/F %DEP.    R/F %DEP.    R/F %DEP.    R/F %DEP.    R/F %DEP.    R/F %DEP.    R/F %DEP.
---------------------------------------------------------------------------------------------------------------------------------------------------------------

2009   0.0  -100    0.0  -100   13.8   -12   12.3   -77  204.5    45  185.5   -24  307.1   -35  530.0    46   60.1   -79   68.0   -14    3.0   -66    0.0  -100

2010   0.0  -100    0.0  -100    0.0  -100   17.2   -67   97.5   -31  218.3   -11  590.8    25  203.0   -44  288.4     3   41.7   -47    0.0  -100    0.0  -100

2011   8.0   -42    3.4   -58   16.6     8   25.5   -31  214.8    88  234.8   -14  608.0    37  282.5   -20  456.5    64    8.0   -90    3.0   -59    0.0  -100

2012   9.8   -29    1.0   -88    8.5   -45   42.6    16   41.2   -64  121.0   -55  464.0     4  147.9   -58  267.6    -4   34.8   -59    0.0  -100    0.0  -100

2013  25.5    85   24.4   205    5.8   -62   42.3    15  163.0    42  391.6    44  623.2    40  347.2    -1  136.5   -51  233.3   178    0.0  -100    0.0  -100

===============================================================================================================================================================
