District : AURANGABAD
===============================================================================================================================================================
YEAR   JANUARY      FEBRUARY      MARCH        APRIL         MAY          JUNE         JULY        AUGUST     SEPTEMBER     OCTOBER      NOVEMBER     DECEMBER
---------------------------------------------------------------------------------------------------------------------------------------------------------------
       R/F %DEP.    R/F %DEP.    R/F %DEP.    R/F %DEP.    R/F %DEP.    R/F %DEP.    R/F %DEP.    R/F %DEP.    R/F %DEP.    R/F %DEP.    R/F %DEP.    R/F %DEP.
---------------------------------------------------------------------------------------------------------------------------------------------------------------

2009                                                                   20.6   -83  212.8   -29  457.2    61  285.5    39   56.5     4                     

2010   0.0  -100    0.0  -100    0.0  -100    0.0  -100    0.0  -100   45.2   -64  199.5   -34  152.6   -46  124.3   -40   48.0   -12    0.0  -100    0.0  -100

2011  10.0   -45    3.5   -69    0.0  -100   12.5   119    7.5   -48  175.7    44  141.8   -51  413.0    63  236.3    22    0.7   -98    0.0  -100    0.0  -100

2012                3.3   -71    0.0  -100   14.7   158    0.0  -100   91.5   -25  350.0    21  287.8    13  200.7     4   62.0    40    5.0   -36    0.0  -100

2013   0.0  -100   49.5   342    0.3   -96   14.7   158    0.0  -100  111.0    -9   66.9   -77  276.9     9  112.5   -42  118.8   168    0.0  -100    0.0  -100

===============================================================================================================================================================
