District : BHAGALPUR
===============================================================================================================================================================
YEAR   JANUARY      FEBRUARY      MARCH        APRIL         MAY          JUNE         JULY        AUGUST     SEPTEMBER     OCTOBER      NOVEMBER     DECEMBER
---------------------------------------------------------------------------------------------------------------------------------------------------------------
       R/F %DEP.    R/F %DEP.    R/F %DEP.    R/F %DEP.    R/F %DEP.    R/F %DEP.    R/F %DEP.    R/F %DEP.    R/F %DEP.    R/F %DEP.    R/F %DEP.    R/F %DEP.
---------------------------------------------------------------------------------------------------------------------------------------------------------------

2009   2.0   -87    2.7   -74    2.5   -76    0.0  -100  202.8   236   65.8   -66  326.2     5  500.9    86  220.0     0  172.1    93    2.8   -45    0.8   -74

2010   0.0  -100    4.2   -59    4.0   -61    2.2   -90   65.7     9  105.8   -45  234.3   -24  195.6   -27  127.5   -42   19.9   -78    5.3     4    0.7   -77

2011   2.4   -86    3.1   -70   33.0   224   73.9   219   89.5    37  332.2    68  179.1   -38  358.8    37  152.6   -33   39.9   -55    0.0  -100    0.0  -100

2012  16.3    -8    0.0  -100    2.5   -75    5.7   -75   19.5   -70   79.4   -60  311.6     7  142.7   -45  124.0   -45   54.0   -39   16.7    94    0.0  -100

2013   0.0  -100   14.5    38    0.0  -100   58.7   153  143.3   119  182.1    -8  142.8   -51  266.8     2  160.4   -29  319.3   261    6.8   -21    0.0  -100

===============================================================================================================================================================
