District : EAST CHAMPARAN
===============================================================================================================================================================
YEAR   JANUARY      FEBRUARY      MARCH        APRIL         MAY          JUNE         JULY        AUGUST     SEPTEMBER     OCTOBER      NOVEMBER     DECEMBER
---------------------------------------------------------------------------------------------------------------------------------------------------------------
       R/F %DEP.    R/F %DEP.    R/F %DEP.    R/F %DEP.    R/F %DEP.    R/F %DEP.    R/F %DEP.    R/F %DEP.    R/F %DEP.    R/F %DEP.    R/F %DEP.    R/F %DEP.
---------------------------------------------------------------------------------------------------------------------------------------------------------------

2009   0.0  -100                 1.2   -87    0.0  -100  187.7   280   42.8   -73  310.5   -14  429.9    54   86.9   -60   35.2   -55    0.0  -100    0.0  -100

2010   0.0  -100                 0.0  -100    8.8   -46  226.8   359   64.1   -60  333.9    -8  299.9     8  154.6   -28   83.4     6    0.0  -100    0.7   -83

2011   1.5   -88   14.8    53   13.1    68    9.3   -30  140.0   185  186.9    14  420.6    19  231.9   -22  370.6    80    4.7   -94    6.0    36    0.0  -100

2012  18.7    47    2.1   -78    7.0   -10    9.8   -26   19.0   -61   86.8   -47  422.2    19  185.8   -38  253.8    23    8.3   -89    0.0  -100    0.0  -100

2013  14.2    12   32.4   234    0.1   -99   19.3    46  150.0   205  187.3    15  200.1   -44  202.7   -32  123.4   -40  227.5   211    0.0  -100    0.0  -100

===============================================================================================================================================================
