District : GAYA
===============================================================================================================================================================
YEAR   JANUARY      FEBRUARY      MARCH        APRIL         MAY          JUNE         JULY        AUGUST     SEPTEMBER     OCTOBER      NOVEMBER     DECEMBER
---------------------------------------------------------------------------------------------------------------------------------------------------------------
       R/F %DEP.    R/F %DEP.    R/F %DEP.    R/F %DEP.    R/F %DEP.    R/F %DEP.    R/F %DEP.    R/F %DEP.    R/F %DEP.    R/F %DEP.    R/F %DEP.    R/F %DEP.
---------------------------------------------------------------------------------------------------------------------------------------------------------------

2009   8.4   -54                 0.4   -96    2.4   -67   73.7   379   68.4   -45  194.8   -38  152.5   -52  269.0    39   17.0   -72   11.8   157    2.3   -39

2010   0.2   -99    3.4   -80    0.0  -100    0.0  -100   25.8    68   97.8   -22  202.7   -36  202.9   -36   50.3   -74   91.0    51    6.4    39    2.8   -26

2011   6.0   -59    3.0   -72    0.1   -99   32.9   439   18.2     1  393.3   207  133.2   -55  419.8    54  244.7    36    8.5   -84    0.0  -100    0.0  -100

2012  19.9    36    4.4   -60   10.8    24   21.2   248   25.0    39  109.6   -15  236.0   -21  392.6    44  134.2   -26   66.9    25   34.3   357    0.0  -100

2013   0.0  -100   10.7    -2    0.9   -90   32.1   426   91.8   410   47.8   -63   80.3   -73  168.3   -38  127.1   -30  158.5   195    0.0  -100    0.0  -100

===============================================================================================================================================================
