District : GOPALGANJ
===============================================================================================================================================================
YEAR   JANUARY      FEBRUARY      MARCH        APRIL         MAY          JUNE         JULY        AUGUST     SEPTEMBER     OCTOBER      NOVEMBER     DECEMBER
---------------------------------------------------------------------------------------------------------------------------------------------------------------
       R/F %DEP.    R/F %DEP.    R/F %DEP.    R/F %DEP.    R/F %DEP.    R/F %DEP.    R/F %DEP.    R/F %DEP.    R/F %DEP.    R/F %DEP.    R/F %DEP.    R/F %DEP.
---------------------------------------------------------------------------------------------------------------------------------------------------------------

2009                                                                               179.5        306.7         67.7         82.1                       1.0   -81

2010   0.0  -100    0.0  -100    0.0  -100    0.0  -100                64.4   -57  259.8   -15  253.4    -8  224.6     5   81.0    38    0.0  -100    0.0  -100

2011   3.0   -80    0.0  -100    3.1   -56   12.2    -2   37.9    20  174.4    12  293.2    -5  289.9    -5   98.2   -55    0.0  -100    0.0  -100    0.0  -100

2012  12.3   -17    0.0  -100    0.0  -100    6.5   -48    0.0  -100   93.0   -40  297.1    -4  244.0   -20  299.9    36    0.0  -100    0.0  -100    0.0  -100

2013   0.0  -100   42.2   302    0.0  -100    5.0   -60   43.2    37  232.5    50   84.8   -73  172.4   -43   68.2   -69  230.3   312    0.0  -100    0.0  -100

===============================================================================================================================================================
