District : JAHANABAD
===============================================================================================================================================================
YEAR   JANUARY      FEBRUARY      MARCH        APRIL         MAY          JUNE         JULY        AUGUST     SEPTEMBER     OCTOBER      NOVEMBER     DECEMBER
---------------------------------------------------------------------------------------------------------------------------------------------------------------
       R/F %DEP.    R/F %DEP.    R/F %DEP.    R/F %DEP.    R/F %DEP.    R/F %DEP.    R/F %DEP.    R/F %DEP.    R/F %DEP.    R/F %DEP.    R/F %DEP.    R/F %DEP.
---------------------------------------------------------------------------------------------------------------------------------------------------------------

2009                                                                   46.4   -58  152.6   -42  127.4   -52  163.8   -21   21.7   -51    0.0  -100    0.0  -100

2010   0.0  -100    6.0   -41    0.0  -100    0.0  -100   15.3   -33   90.5   -15  184.3   -30  181.1   -30   69.3   -67   55.4    24    0.0  -100    0.0  -100

2011   5.0   -61    0.0  -100    0.0  -100    6.0   -54   27.7    20  310.0   176  184.9   -28  327.7    28  257.9    31    0.2   -99    0.0  -100    0.0  -100

2012  13.6     6    0.0  -100    2.0   -71   16.0    22   28.5    23   46.9   -58  265.0     4  253.4    -1  155.5   -21   70.0    79    0.0  -100    0.0  -100

2013   0.0  -100   12.6    66    1.9   -73   22.0    68   63.2   174   86.1   -23   93.5   -63  240.8    -6  127.4   -35  107.7   175    0.0  -100    0.0  -100

===============================================================================================================================================================
