District : KHAGARIA
===============================================================================================================================================================
YEAR   JANUARY      FEBRUARY      MARCH        APRIL         MAY          JUNE         JULY        AUGUST     SEPTEMBER     OCTOBER      NOVEMBER     DECEMBER
---------------------------------------------------------------------------------------------------------------------------------------------------------------
       R/F %DEP.    R/F %DEP.    R/F %DEP.    R/F %DEP.    R/F %DEP.    R/F %DEP.    R/F %DEP.    R/F %DEP.    R/F %DEP.    R/F %DEP.    R/F %DEP.    R/F %DEP.
---------------------------------------------------------------------------------------------------------------------------------------------------------------

2009                                                                   59.3   -69  214.3   -30  333.6     6  142.5   -38  142.8    66                 0.0  -100

2010                                          5.0   -73   48.1     5  106.6   -45  132.2   -57  128.5   -59  167.4   -27   32.3   -62    0.0  -100    0.0  -100

2011   0.0  -100    2.1   -50   20.7   169   19.3    25   81.1    75  250.6    36  197.9   -36  252.6   -15   88.4   -67    6.3   -92    0.0  -100    0.0  -100

2012   8.8    -7    0.0  -100    5.9   -23    4.1   -73    6.8   -85   40.5   -78  233.3   -25  197.1   -34  263.5    -1   74.6    -9    6.1   -13    0.0  -100

2013   0.0  -100    5.5    31    0.1   -99   26.0    69   36.4   -21  113.5   -38  200.3   -36  181.7   -39  215.6   -19  146.7    78    1.6   -77    0.0  -100

===============================================================================================================================================================
