District : MADHEPURA
===============================================================================================================================================================
YEAR   JANUARY      FEBRUARY      MARCH        APRIL         MAY          JUNE         JULY        AUGUST     SEPTEMBER     OCTOBER      NOVEMBER     DECEMBER
---------------------------------------------------------------------------------------------------------------------------------------------------------------
       R/F %DEP.    R/F %DEP.    R/F %DEP.    R/F %DEP.    R/F %DEP.    R/F %DEP.    R/F %DEP.    R/F %DEP.    R/F %DEP.    R/F %DEP.    R/F %DEP.    R/F %DEP.
---------------------------------------------------------------------------------------------------------------------------------------------------------------

2009                                                                               147.8        332.6         93.8         42.6                           

2010   0.0  -100    0.0  -100    0.0  -100    0.0  -100  156.4    66  131.7   -39  219.6   -45  133.3   -54  173.8   -29    5.0   -94    0.0  -100    0.0  -100

2011   1.0   -92    2.0   -79    1.0   -92   21.5   -27  148.5    76  267.3    26  251.2   -33  151.5   -50  248.9    -4    2.7   -96    0.0  -100    0.0  -100

2012  11.6    -3    0.0  -100    5.9   -52   23.4   -21   56.5   -33  200.2    -6  206.0   -45  210.1   -31  132.8   -49   35.5   -50    0.0  -100    0.0  -100

2013   3.7   -69    7.0   -26    0.3   -98   17.6   -41   93.6    11  374.4    76  199.9   -47  197.3   -35  224.9   -13  302.0   328    6.0   -54    0.0  -100

===============================================================================================================================================================
