District : MUZAFFARPUR
===============================================================================================================================================================
YEAR   JANUARY      FEBRUARY      MARCH        APRIL         MAY          JUNE         JULY        AUGUST     SEPTEMBER     OCTOBER      NOVEMBER     DECEMBER
---------------------------------------------------------------------------------------------------------------------------------------------------------------
       R/F %DEP.    R/F %DEP.    R/F %DEP.    R/F %DEP.    R/F %DEP.    R/F %DEP.    R/F %DEP.    R/F %DEP.    R/F %DEP.    R/F %DEP.    R/F %DEP.    R/F %DEP.
---------------------------------------------------------------------------------------------------------------------------------------------------------------

2009   0.0  -100    1.8   -84    1.8   -79    0.0  -100  194.8   241   67.8   -57  216.1   -38  262.4    -6  165.3   -26   71.1     0    1.4   -71    3.7     9

2010   1.6   -91    1.8   -84    0.0  -100    0.0  -100   62.3     9   87.3   -45  254.0   -27  207.1   -25  140.1   -37   81.8    15    0.0  -100    1.1   -68

2011   3.4   -75    7.8   -12    8.0    10   28.3   113  105.1    95  260.8    62  279.1   -14  247.1   -15  424.6   110   21.0   -67    0.0  -100    0.0  -100

2012  26.8   100    0.0  -100    8.7    19    6.0   -55   18.7   -65   27.4   -83  320.0    -2  274.9    -6  311.8    54   23.1   -64    0.0  -100    0.0  -100

2013  16.1    20   43.9   393    0.0  -100   25.0    88  149.5   177  161.1     0   79.9   -75  122.5   -58   89.4   -56  230.7   261    0.0  -100    0.0  -100

===============================================================================================================================================================
