District : NALANDA
===============================================================================================================================================================
YEAR   JANUARY      FEBRUARY      MARCH        APRIL         MAY          JUNE         JULY        AUGUST     SEPTEMBER     OCTOBER      NOVEMBER     DECEMBER
---------------------------------------------------------------------------------------------------------------------------------------------------------------
       R/F %DEP.    R/F %DEP.    R/F %DEP.    R/F %DEP.    R/F %DEP.    R/F %DEP.    R/F %DEP.    R/F %DEP.    R/F %DEP.    R/F %DEP.    R/F %DEP.    R/F %DEP.
---------------------------------------------------------------------------------------------------------------------------------------------------------------

2009                                                                   80.1   -39  132.3   -56  173.4   -34   90.0   -56   77.6    34                     

2010   0.0  -100    0.0  -100    0.0  -100    0.0  -100   22.4   -14   84.8   -35  160.0   -47  276.7     5  141.4   -30   47.2   -18    0.0  -100    0.0  -100

2011   0.0  -100    3.0   -67    4.8   -47   12.6   107   37.4    34  354.2   178  154.8   -45  504.8    92  377.2    86    3.6   -93    0.0  -100    0.0  -100

2012  19.2    63    0.5   -94    7.6   -16   37.6   516    0.4   -99   94.0   -26  302.7     7  316.5    20  205.9     2   70.9    40    6.5    27    0.0  -100

2013   0.0  -100   13.5    50    0.1   -99   16.0   162   86.4   210  106.4   -17   62.5   -78  307.9    17  157.0   -22  165.8   227    0.0  -100    0.0  -100

===============================================================================================================================================================
