District : PATNA
===============================================================================================================================================================
YEAR   JANUARY      FEBRUARY      MARCH        APRIL         MAY          JUNE         JULY        AUGUST     SEPTEMBER     OCTOBER      NOVEMBER     DECEMBER
---------------------------------------------------------------------------------------------------------------------------------------------------------------
       R/F %DEP.    R/F %DEP.    R/F %DEP.    R/F %DEP.    R/F %DEP.    R/F %DEP.    R/F %DEP.    R/F %DEP.    R/F %DEP.    R/F %DEP.    R/F %DEP.    R/F %DEP.
---------------------------------------------------------------------------------------------------------------------------------------------------------------

2009   0.0  -100    0.8   -93    0.0  -100    0.0  -100   73.0   106   81.9   -42  155.9   -51  267.2    -3  169.8   -22   67.0     6    2.9   -40    5.2   117

2010   0.9   -95    7.0   -37    0.0  -100    0.0  -100   81.3   173   63.4   -52  208.9   -29  212.0   -20  105.9   -50   91.9    44    0.5   -90    0.0  -100

2011   0.5   -96    4.1   -56    7.1   -26   14.1    74   50.6    92  262.9   110  141.3   -58  334.6    27  343.6    58    3.1   -94    0.0  -100    0.0  -100

2012   7.6   -42    0.8   -91    8.5   -11   11.2    38    0.0  -100   25.9   -79  403.1    21  206.6   -22  225.7     4   43.6   -21    0.0  -100    0.0  -100

2013  12.4    -5   36.8   291    0.9   -91   12.7    57  115.0   336  131.3     5   66.2   -80  185.4   -30  184.0   -15  173.0   212    0.0  -100    0.0  -100

===============================================================================================================================================================
