District : PURNEA
===============================================================================================================================================================
YEAR   JANUARY      FEBRUARY      MARCH        APRIL         MAY          JUNE         JULY        AUGUST     SEPTEMBER     OCTOBER      NOVEMBER     DECEMBER
---------------------------------------------------------------------------------------------------------------------------------------------------------------
       R/F %DEP.    R/F %DEP.    R/F %DEP.    R/F %DEP.    R/F %DEP.    R/F %DEP.    R/F %DEP.    R/F %DEP.    R/F %DEP.    R/F %DEP.    R/F %DEP.    R/F %DEP.
---------------------------------------------------------------------------------------------------------------------------------------------------------------

2009   0.0  -100    3.3   -66    7.4   -49    3.3   -89  269.9   131  214.3   -15  416.2     8  560.7    87   72.7   -71  222.6   120   11.2    45    0.2   -94

2010   0.0  -100    0.0  -100    0.0  -100   30.6    -2  241.3   107  431.7    72  690.2    79  353.3    18  302.0    20   42.3   -58    0.6   -92    0.0  -100

2011   0.3   -97   13.5    50   14.1     9  111.0   229  257.1   111  303.2    24  693.8    60  437.4    29  465.4    57    1.8   -98    2.6   -68    2.1   -70

2012   6.1   -33    3.6   -60    7.9   -39  118.4   251   22.1   -82   91.1   -63  296.8   -32   89.2   -74  164.2   -44   47.0   -44    0.2   -98    0.0  -100

2013   1.2   -87   12.5    39    1.6   -88   81.4   142  101.5   -17  372.5    52  237.1   -45  217.0   -36  190.1   -36  226.7   172    0.0  -100    0.0  -100

===============================================================================================================================================================
