District : ROHTAS
===============================================================================================================================================================
YEAR   JANUARY      FEBRUARY      MARCH        APRIL         MAY          JUNE         JULY        AUGUST     SEPTEMBER     OCTOBER      NOVEMBER     DECEMBER
---------------------------------------------------------------------------------------------------------------------------------------------------------------
       R/F %DEP.    R/F %DEP.    R/F %DEP.    R/F %DEP.    R/F %DEP.    R/F %DEP.    R/F %DEP.    R/F %DEP.    R/F %DEP.    R/F %DEP.    R/F %DEP.    R/F %DEP.
---------------------------------------------------------------------------------------------------------------------------------------------------------------

2009   0.0  -100    0.0  -100    0.0  -100    0.0  -100  106.4   573   36.9   -68  224.1   -30  364.0    16  236.0     0   91.6    93   11.8    74    0.0  -100

2010   0.0  -100    7.6   -64    0.0  -100    0.0  -100   35.8   127   52.5   -55  197.3   -38  233.5   -25  171.1   -28   31.7   -33    1.1   -84    0.0  -100

2011   3.9   -70    2.4   -81    0.0  -100    8.6    46   24.9    79  266.0   196   89.5   -67  407.2    46  264.4    39    0.0  -100    0.0  -100    0.0  -100

2012   9.4   -28    0.0  -100    3.7   -59   15.9   169    0.0  -100   94.2     5  321.6    17  332.8    20  231.3    21    1.9   -96    5.6   -54    0.0  -100

2013   0.0  -100   59.8   367    0.0  -100   12.1   105    0.0  -100   92.3     3  188.5   -32  350.1    26  167.6   -12  112.5   162    0.0  -100    0.0  -100

===============================================================================================================================================================
