                                                                  


District : SUPAUL



===============================================================================================================================================================
YEAR   JANUARY      FEBRUARY      MARCH        APRIL         MAY          JUNE         JULY        AUGUST     SEPTEMBER     OCTOBER      NOVEMBER     DECEMBER
---------------------------------------------------------------------------------------------------------------------------------------------------------------
       R/F %DEP.    R/F %DEP.    R/F %DEP.    R/F %DEP.    R/F %DEP.    R/F %DEP.    R/F %DEP.    R/F %DEP.    R/F %DEP.    R/F %DEP.    R/F %DEP.    R/F %DEP.
---------------------------------------------------------------------------------------------------------------------------------------------------------------

2009   0.0  -100    0.0  -100    0.0  -100    0.0  -100                            184.8        342.6         97.0         45.0                           

2010   0.0  -100                             11.0   -63  250.2   205  100.1   -52  262.6   -29  107.4   -60  141.6   -37   20.7   -70    0.2   -96    0.0  -100

2011   1.4   -82    4.1   -53    5.8   -54   67.5   193  153.8    85  204.2     2  366.7    -2  258.5    -4  209.0     0   10.1   -86   10.3   129    0.0  -100

2012   5.8   -24    0.0  -100    5.5   -57   42.4    84   45.4   -45  160.7   -20  306.4   -18  159.0   -41  131.0   -38   33.0   -56    0.0  -100    0.0  -100

2013  11.8    55    9.4     8    3.8   -70   17.0   -26   65.1   -22  335.6    68  308.4   -18  177.9   -34  191.1    -9  171.5   130    0.0  -100    0.0  -100

===============================================================================================================================================================
