                                                                  


District : WEST CHAMPARAN



===============================================================================================================================================================
YEAR   JANUARY      FEBRUARY      MARCH        APRIL         MAY          JUNE         JULY        AUGUST     SEPTEMBER     OCTOBER      NOVEMBER     DECEMBER
---------------------------------------------------------------------------------------------------------------------------------------------------------------
       R/F %DEP.    R/F %DEP.    R/F %DEP.    R/F %DEP.    R/F %DEP.    R/F %DEP.    R/F %DEP.    R/F %DEP.    R/F %DEP.    R/F %DEP.    R/F %DEP.    R/F %DEP.
---------------------------------------------------------------------------------------------------------------------------------------------------------------

2009                                                     151.2   117  159.0   -36  470.1     5  471.3    24  112.8   -59   73.0     1                     

2010   0.5   -98                                                      158.6   -31  486.0    11  608.9    67  454.5    71   74.2     6    0.0  -100    0.0  -100

2011   0.0  -100   26.7   147    6.3   -51   25.8    41  167.1   197  139.1   -39  514.4    15  432.4    24  192.2   -23    0.0  -100    1.4   -73    0.0  -100

2012  23.6    27   29.8   176   17.7    38   35.4    93   33.4   -41  146.2   -36  632.1    41  182.5   -48  342.7    37    3.3   -95    0.0  -100    0.0  -100

2013   5.8   -69   31.2   189    0.0  -100   95.2   420   93.2    66  319.4    39  358.7   -20  208.8   -40  122.8   -51  140.6   113    0.0  -100    0.0  -100

===============================================================================================================================================================
