                                                                  


District : BASTAR



===============================================================================================================================================================
YEAR   JANUARY      FEBRUARY      MARCH        APRIL         MAY          JUNE         JULY        AUGUST     SEPTEMBER     OCTOBER      NOVEMBER     DECEMBER
---------------------------------------------------------------------------------------------------------------------------------------------------------------
       R/F %DEP.    R/F %DEP.    R/F %DEP.    R/F %DEP.    R/F %DEP.    R/F %DEP.    R/F %DEP.    R/F %DEP.    R/F %DEP.    R/F %DEP.    R/F %DEP.    R/F %DEP.
---------------------------------------------------------------------------------------------------------------------------------------------------------------

2009   0.0  -100    0.0  -100    0.0  -100    0.0  -100   41.9    24   87.6   -58  446.9     8  315.5   -28  113.0   -55   26.0   -70    7.4   -44    0.0  -100

2010   6.1   -13    3.1   -67   10.1   -39   36.0    17   38.2    13  133.1   -36  422.7     2  436.8    -1  320.1    26  151.5    75   35.4   170   30.1   457

2011   0.0  -100   29.1   238    0.0  -100   50.4    37   86.4   124  120.4   -41  241.5   -31  292.3   -22  328.3    46   12.0   -85    0.0  -100    0.1   -98

2012  31.1   279    0.0  -100    1.2   -93   68.5    87   44.3    15  123.5   -39  406.8    16  451.0    21  366.8    63   29.6   -64   19.8    60    0.0  -100

2013   0.0  -100   14.9    73    0.0  -100   90.7   147   32.3   -16  433.6   113  294.9   -16  236.0   -37  147.8   -34  180.6   122    3.7   -70    0.0  -100

===============================================================================================================================================================
