                                                                  


District : BILASPUR



===============================================================================================================================================================
YEAR   JANUARY      FEBRUARY      MARCH        APRIL         MAY          JUNE         JULY        AUGUST     SEPTEMBER     OCTOBER      NOVEMBER     DECEMBER
---------------------------------------------------------------------------------------------------------------------------------------------------------------
       R/F %DEP.    R/F %DEP.    R/F %DEP.    R/F %DEP.    R/F %DEP.    R/F %DEP.    R/F %DEP.    R/F %DEP.    R/F %DEP.    R/F %DEP.    R/F %DEP.    R/F %DEP.
---------------------------------------------------------------------------------------------------------------------------------------------------------------

2009   7.8   -62    0.0  -100    0.0  -100    9.7   -37   23.5    25   43.1   -76  314.8   -13  301.9   -14   62.6   -69   28.0   -51   63.4   646    0.0  -100

2010   3.3   -84    3.5   -84    0.1  -100    6.3   -59   19.6     4   51.5   -71  300.3   -17  250.5   -28  273.7    34   36.4   -36    7.3   -14   21.4   135

2011   0.1   -99   11.4   -34    8.9   -50   82.3   449   35.6    97  161.9    -5  226.1   -37  463.9    38  290.9    44    9.0   -84    0.0  -100    0.0  -100

2012 106.3   511   14.8   -14    0.0  -100   19.1    27    6.4   -65  126.3   -26  495.9    39  318.6    -5  204.8     1   19.3   -65   32.0   240    6.6   -42

2013   1.2   -93   24.4    42    8.0   -55   50.9   239    4.4   -76  229.0    34  304.3   -15  350.7     4  186.3    -8  290.3   430    0.0  -100    0.0  -100

===============================================================================================================================================================
