                                                                  


District : DHAMTARI



===============================================================================================================================================================
YEAR   JANUARY      FEBRUARY      MARCH        APRIL         MAY          JUNE         JULY        AUGUST     SEPTEMBER     OCTOBER      NOVEMBER     DECEMBER
---------------------------------------------------------------------------------------------------------------------------------------------------------------
       R/F %DEP.    R/F %DEP.    R/F %DEP.    R/F %DEP.    R/F %DEP.    R/F %DEP.    R/F %DEP.    R/F %DEP.    R/F %DEP.    R/F %DEP.    R/F %DEP.    R/F %DEP.
---------------------------------------------------------------------------------------------------------------------------------------------------------------

2009   0.0  -100    0.0  -100    0.0  -100    0.0  -100    0.0  -100   98.7   -42  648.9    89  142.3   -56   77.3   -67    1.3   -98  144.5  2349    0.0  -100

2010   4.0   -47    0.0  -100    0.0  -100    0.0  -100    3.8   -79   70.2   -59  432.4    26  202.5   -38  347.8    49  112.0    90   20.5   247   17.9   714

2011   0.0  -100    6.8   -24    5.0   -56   45.0   298    1.2   -93  141.2   -11  210.9   -41  326.6     0  362.5    74    3.2   -94    0.0  -100    0.0  -100

2012  66.4  1603    0.0  -100    8.0   -30   40.8   261    0.0  -100  139.8   -11  319.2   -11  261.2   -20  223.0     7   16.6   -71   17.6   319    0.0  -100

2013   0.8   -79   18.4   104    0.0  -100    9.6   -15    6.2   -64  273.3    73  533.0    49  264.6   -19  143.8   -31  212.4   267    0.0  -100    0.0  -100

===============================================================================================================================================================
