                                                                  


District : DURG



===============================================================================================================================================================
YEAR   JANUARY      FEBRUARY      MARCH        APRIL         MAY          JUNE         JULY        AUGUST     SEPTEMBER     OCTOBER      NOVEMBER     DECEMBER
---------------------------------------------------------------------------------------------------------------------------------------------------------------
       R/F %DEP.    R/F %DEP.    R/F %DEP.    R/F %DEP.    R/F %DEP.    R/F %DEP.    R/F %DEP.    R/F %DEP.    R/F %DEP.    R/F %DEP.    R/F %DEP.    R/F %DEP.
---------------------------------------------------------------------------------------------------------------------------------------------------------------

2009   0.0  -100    0.0  -100    0.0  -100    0.0  -100    0.0  -100   21.5   -88  405.2    22  213.0   -34   51.8   -75    4.2   -93   99.2  1737    0.0  -100

2010   6.2   -36    0.0  -100    0.0  -100    0.0  -100    7.7   -29  146.4   -15  391.3    18  276.6   -15  279.8    34   11.1   -81   18.2   237   12.4   377

2011   0.0  -100    6.0     5    0.0  -100   54.1   673   27.7   198  251.5    45  319.7    -2  350.5     9  251.1    26   21.7   -62    0.0  -100    0.0  -100

2012  41.2   544    0.0  -100    0.0  -100   26.4   277    0.0  -100  119.1   -31  348.9     7  342.6     7  198.7     0    5.0   -91    9.0    91    1.2   -60

2013   0.5   -92   13.1   130    1.9   -85   13.7    96    1.6   -83  262.3    52  586.9    80  328.1     2  182.8    -8  177.1   213    0.0  -100    0.0  -100

===============================================================================================================================================================
