                                                                  


District : JANJGIR



===============================================================================================================================================================
YEAR   JANUARY      FEBRUARY      MARCH        APRIL         MAY          JUNE         JULY        AUGUST     SEPTEMBER     OCTOBER      NOVEMBER     DECEMBER
---------------------------------------------------------------------------------------------------------------------------------------------------------------
       R/F %DEP.    R/F %DEP.    R/F %DEP.    R/F %DEP.    R/F %DEP.    R/F %DEP.    R/F %DEP.    R/F %DEP.    R/F %DEP.    R/F %DEP.    R/F %DEP.    R/F %DEP.
---------------------------------------------------------------------------------------------------------------------------------------------------------------

2009   0.0  -100    0.0  -100    0.0  -100    3.4   -53    7.7   -38    4.0   -98  413.7     0  325.9   -24   80.5   -64   12.2   -74   26.3   370    0.0  -100

2010   0.0  -100    1.1   -93    0.0  -100    0.0  -100    1.2   -90   21.9   -87  441.1     6  377.6   -12  276.0    24   51.4    10    0.0  -100   42.3   655

2011   3.3   -75   37.1   207    4.7   -67   52.6   651   10.2   -10   99.4   -41  276.5   -30  413.1    -1  420.6    89    2.1   -95    0.0  -100    0.0  -100

2012  65.8   402    2.7   -78    0.0  -100   23.7   239    2.3   -80  192.6    15  425.0     8  451.3     8  239.9     8   21.9   -50   22.0   323   10.4    51

2013   1.0   -92   22.0    82    3.0   -79   34.0   386    0.0  -100  162.2    -3  285.2   -28  351.5   -16  138.0   -38  227.9   417    0.0  -100    0.0  -100

===============================================================================================================================================================
