                                                                  


District : JASHPUR



===============================================================================================================================================================
YEAR   JANUARY      FEBRUARY      MARCH        APRIL         MAY          JUNE         JULY        AUGUST     SEPTEMBER     OCTOBER      NOVEMBER     DECEMBER
---------------------------------------------------------------------------------------------------------------------------------------------------------------
       R/F %DEP.    R/F %DEP.    R/F %DEP.    R/F %DEP.    R/F %DEP.    R/F %DEP.    R/F %DEP.    R/F %DEP.    R/F %DEP.    R/F %DEP.    R/F %DEP.    R/F %DEP.
---------------------------------------------------------------------------------------------------------------------------------------------------------------

2009   0.0  -100    0.0  -100    0.0  -100    0.0  -100    0.0  -100   11.4   -96  447.7    -6  396.0   -14  119.4   -58   89.5     1    0.0  -100    0.0  -100

2010   0.0  -100    0.0  -100    0.0  -100    0.0  -100    0.0  -100   86.5   -67  368.1   -23  263.2   -43  274.9    -2   68.7   -22   19.5    77   53.0   919

2011   0.0  -100   19.3    -9    0.0  -100   82.0   358   33.8     7  416.1    70  333.9   -22  462.5    11  500.9    95   10.2   -86    0.0  -100    0.0  -100

2012 123.6   531    0.0  -100    0.0  -100   14.0   -22   22.0   -30  272.4    11  264.7   -38  416.9     0  193.6   -25   17.1   -77   19.5   117    7.7     7

2013   4.0   -80   25.5    20    2.5   -82   67.0   274   12.0   -62  165.7   -32  251.0   -41  169.9   -59   92.1   -64  213.6   183    0.0  -100    0.0  -100

===============================================================================================================================================================
