                                                                  


District : KANKER



===============================================================================================================================================================
YEAR   JANUARY      FEBRUARY      MARCH        APRIL         MAY          JUNE         JULY        AUGUST     SEPTEMBER     OCTOBER      NOVEMBER     DECEMBER
---------------------------------------------------------------------------------------------------------------------------------------------------------------
       R/F %DEP.    R/F %DEP.    R/F %DEP.    R/F %DEP.    R/F %DEP.    R/F %DEP.    R/F %DEP.    R/F %DEP.    R/F %DEP.    R/F %DEP.    R/F %DEP.    R/F %DEP.
---------------------------------------------------------------------------------------------------------------------------------------------------------------

2009   0.0  -100    0.0  -100    0.0  -100    0.0  -100    0.0  -100   29.5   -85  488.7    24  266.9   -38   55.7   -78   27.8   -62    0.0  -100    0.0  -100

2010  30.6   240    0.2   -99    0.0  -100    0.0  -100    0.0  -100   76.0   -61  414.6     5  484.2    12  325.3    29   98.7    36    0.0  -100   51.2  1607

2011   0.0  -100    7.6   -32    5.1   -66    5.1   -72    0.0  -100  206.5     8  269.2   -31  370.1   -13  342.3    49    1.7   -98    0.0  -100    3.9   -17

2012  35.8   353    0.0  -100    0.0  -100    0.0  -100    0.0  -100  107.7   -44  410.6     5  470.7    11  324.3    42   33.2   -55    0.0  -100    0.0  -100

2013   0.0  -100    0.0  -100    0.0  -100   25.5    41    0.5   -97  340.3    78  567.1    44  310.8   -27  150.5   -34  227.5   209    0.0  -100    0.0  -100

===============================================================================================================================================================
