                                                                  


District : KOWARDHA



===============================================================================================================================================================
YEAR   JANUARY      FEBRUARY      MARCH        APRIL         MAY          JUNE         JULY        AUGUST     SEPTEMBER     OCTOBER      NOVEMBER     DECEMBER
---------------------------------------------------------------------------------------------------------------------------------------------------------------
       R/F %DEP.    R/F %DEP.    R/F %DEP.    R/F %DEP.    R/F %DEP.    R/F %DEP.    R/F %DEP.    R/F %DEP.    R/F %DEP.    R/F %DEP.    R/F %DEP.    R/F %DEP.
---------------------------------------------------------------------------------------------------------------------------------------------------------------

2009   0.0  -100    0.0  -100    0.0  -100    0.0  -100    0.0  -100   66.0   -57  149.4   -48  250.0   -16   37.0   -81   15.0   -76   95.0   733    0.0  -100

2010   0.0  -100   15.0   -28    0.0  -100    0.0  -100    0.0  -100   53.0   -65  544.0    88  272.0    -9  276.0    44   40.5   -36    8.5   -25   16.0    76

2011   0.0  -100    0.0  -100    4.0   -71   77.0   913   11.0   -34  110.0   -22  185.0   -34  396.0    38  187.0     8    2.0   -97    0.0  -100   56.2   384

2012  48.0   281    0.0  -100    0.0  -100    9.0    18   10.0   -40  140.0    -1  317.0    13  191.0   -33  240.0    38    7.0   -88   75.0   576    0.0  -100

2013   0.0  -100   28.0   101    6.0   -57   58.0   663    0.0  -100  158.0    11  273.6    -3  182.4   -36  145.0   -17  223.0   279    0.0  -100    0.0  -100

===============================================================================================================================================================
