                                                                  


District : MAHASAMUND



===============================================================================================================================================================
YEAR   JANUARY      FEBRUARY      MARCH        APRIL         MAY          JUNE         JULY        AUGUST     SEPTEMBER     OCTOBER      NOVEMBER     DECEMBER
---------------------------------------------------------------------------------------------------------------------------------------------------------------
       R/F %DEP.    R/F %DEP.    R/F %DEP.    R/F %DEP.    R/F %DEP.    R/F %DEP.    R/F %DEP.    R/F %DEP.    R/F %DEP.    R/F %DEP.    R/F %DEP.    R/F %DEP.
---------------------------------------------------------------------------------------------------------------------------------------------------------------

2009   0.0  -100    0.0  -100    0.0  -100    0.0  -100    0.0  -100   21.2   -88  895.2   170  188.7   -49   68.9   -75   16.1   -67    0.0  -100    0.0  -100

2010   0.0  -100    0.1   -99    0.0  -100    0.0  -100    0.0  -100  182.0     5  513.0    55  197.4   -47  189.1   -30   23.4   -52    4.4   -56   20.6 10200

2011   0.0  -100    2.9   -63    0.0  -100   15.9   184    1.7   -84  125.6   -27  269.9   -19  327.6    -4  555.0   178    0.0  -100    0.0  -100    0.0  -100

2012  21.8   489    0.0  -100    0.0  -100    4.0   -29    5.0   -52  188.3    10  439.4    32  635.5    87  171.6   -14   24.5   -51   26.0   391    2.0   -20

2013   6.5    76   14.5    86    0.5   -96   28.0   400    1.0   -90  254.9    48  519.1    56  343.8     1  214.3     7  128.7   158    0.0  -100    0.0  -100

===============================================================================================================================================================
