                                                                  


District : RAIGARH



===============================================================================================================================================================
YEAR   JANUARY      FEBRUARY      MARCH        APRIL         MAY          JUNE         JULY        AUGUST     SEPTEMBER     OCTOBER      NOVEMBER     DECEMBER
---------------------------------------------------------------------------------------------------------------------------------------------------------------
       R/F %DEP.    R/F %DEP.    R/F %DEP.    R/F %DEP.    R/F %DEP.    R/F %DEP.    R/F %DEP.    R/F %DEP.    R/F %DEP.    R/F %DEP.    R/F %DEP.    R/F %DEP.
---------------------------------------------------------------------------------------------------------------------------------------------------------------

2009   0.0  -100    0.0  -100    0.0  -100    0.0  -100    0.0  -100   15.3   -92  650.4    48  194.8   -54   92.2   -65   25.5   -58    0.0  -100    0.0  -100

2010   0.0  -100    0.0  -100    0.0  -100    0.0  -100    0.0  -100  117.1   -43  319.5   -27  251.4   -41  251.2    -4   21.3   -65    7.3     6   20.5   356

2011   0.0  -100    2.1   -84    0.0  -100    5.8   -49    2.3   -87   99.7   -45  269.0   -28  320.4   -10  589.2   152    0.0  -100    0.0  -100    0.0  -100

2012  47.6   333    0.0  -100    0.0  -100    0.0  -100    0.0  -100  200.2    11  267.1   -28  447.3    25  239.5     3   17.2   -65   18.4   179    0.0  -100

2013   0.0  -100    0.0  -100    0.0  -100   20.3    78    0.0  -100  146.2   -19  386.1     3  371.1     4  111.3   -52  186.3   276    0.0  -100    0.0  -100

===============================================================================================================================================================
