                                                                  


District : SURGUJA



===============================================================================================================================================================
YEAR   JANUARY      FEBRUARY      MARCH        APRIL         MAY          JUNE         JULY        AUGUST     SEPTEMBER     OCTOBER      NOVEMBER     DECEMBER
---------------------------------------------------------------------------------------------------------------------------------------------------------------
       R/F %DEP.    R/F %DEP.    R/F %DEP.    R/F %DEP.    R/F %DEP.    R/F %DEP.    R/F %DEP.    R/F %DEP.    R/F %DEP.    R/F %DEP.    R/F %DEP.    R/F %DEP.
---------------------------------------------------------------------------------------------------------------------------------------------------------------

2009   5.4   -75    0.0  -100    0.0  -100    0.3   -97    3.5   -73   74.2   -59  234.6   -40  150.0   -61   77.1   -65   19.0   -63   52.7   603    0.0  -100

2010   0.0  -100   10.9   -39    0.0  -100    0.0  -100    9.0   -30   51.6   -71  216.0   -45  102.4   -74  154.3   -30   22.8   -55    6.4   -15   23.3   497

2011   0.2   -99    4.1   -73    5.9   -57   24.9   193   16.1    11  254.5    28  250.8   -36  353.3    -7  448.2   100   25.6   -50    0.0  -100    0.0  -100

2012  38.3   105   13.0   -14    0.0  -100   17.3   104    1.8   -88  125.3   -37  342.2   -13  304.3   -20  194.3   -13   21.3   -58   58.2   533    6.5     0

2013   0.7   -96   55.5   268   14.4     6   40.5   376    1.3   -91   52.2   -74  242.7   -38  237.2   -37   47.7   -79  116.8   130    0.0  -100    0.0  -100

===============================================================================================================================================================
