                                                                  


District : BOKARO




===============================================================================================================================================================
YEAR   JANUARY      FEBRUARY      MARCH        APRIL         MAY          JUNE         JULY        AUGUST     SEPTEMBER     OCTOBER      NOVEMBER     DECEMBER
---------------------------------------------------------------------------------------------------------------------------------------------------------------
       R/F %DEP.    R/F %DEP.    R/F %DEP.    R/F %DEP.    R/F %DEP.    R/F %DEP.    R/F %DEP.    R/F %DEP.    R/F %DEP.    R/F %DEP.    R/F %DEP.    R/F %DEP.
---------------------------------------------------------------------------------------------------------------------------------------------------------------

2009                                                                   79.9   -57  210.4   -38  320.6    11  335.0    49   57.0   -36   17.7   124    0.0  -100

2010   0.6   -96   24.8    75    0.0  -100   18.2    -1   73.0    82   58.2   -67  304.5    -4  245.2   -14  263.4     3   77.8   -21    3.4   -66   27.0   514

2011   7.8   -34    2.4   -82   29.2    60   32.4    71   26.4   -31  402.2   113  185.9   -40  488.8    63  202.1   -19   73.1    -6    0.0  -100    0.0  -100

2012  60.2   410   15.5    13    3.1   -83    2.4   -87    4.9   -87   81.9   -57  299.4    -3  325.4     8  222.4   -11   26.1   -66   43.1   208   12.1    89

2013   0.0  -100   26.7    95    2.7   -85   34.7    83  139.7   266  179.0    -5  223.5   -27  310.1     3  122.5   -51  372.2   378    0.0  -100    0.0  -100

===============================================================================================================================================================
