                                                                  


District : DHANBAD




===============================================================================================================================================================
YEAR   JANUARY      FEBRUARY      MARCH        APRIL         MAY          JUNE         JULY        AUGUST     SEPTEMBER     OCTOBER      NOVEMBER     DECEMBER
---------------------------------------------------------------------------------------------------------------------------------------------------------------
       R/F %DEP.    R/F %DEP.    R/F %DEP.    R/F %DEP.    R/F %DEP.    R/F %DEP.    R/F %DEP.    R/F %DEP.    R/F %DEP.    R/F %DEP.    R/F %DEP.    R/F %DEP.
---------------------------------------------------------------------------------------------------------------------------------------------------------------

2009                                                                   81.8   -57  257.2   -23  284.1    -6  272.9    11  102.1     3    1.5   -79    0.0  -100

2010   7.0   -39    0.0  -100    0.0  -100    4.6   -74   28.1   -39  152.8   -21  171.2   -49  171.5   -43  253.4     3   49.1   -51    3.7   -49   38.5   775

2011   0.9   -93    0.0  -100   13.4   -31    3.0   -84   29.9   -40  313.0    56  180.9   -47  470.6    52  285.7     5   18.6   -81    0.0  -100    0.0  -100

2012  13.4    12    1.9   -89    1.2   -94   17.5    -4   13.5   -73   80.1   -60  326.4    -4  264.9   -15  336.2    24   21.3   -79   54.9   423    9.1    47

2013   0.0  -100   24.0    38    0.4   -98   13.6   -25  112.0   126  167.0   -17  172.0   -49  300.0    -3  197.4   -27  284.2   186    0.0  -100    0.0  -100

===============================================================================================================================================================
