                                                                  


District : EAST SINGBHUM




===============================================================================================================================================================
YEAR   JANUARY      FEBRUARY      MARCH        APRIL         MAY          JUNE         JULY        AUGUST     SEPTEMBER     OCTOBER      NOVEMBER     DECEMBER
---------------------------------------------------------------------------------------------------------------------------------------------------------------
       R/F %DEP.    R/F %DEP.    R/F %DEP.    R/F %DEP.    R/F %DEP.    R/F %DEP.    R/F %DEP.    R/F %DEP.    R/F %DEP.    R/F %DEP.    R/F %DEP.    R/F %DEP.
---------------------------------------------------------------------------------------------------------------------------------------------------------------

2009   2.9   -80    0.0  -100   11.0   -55    0.4   -99  130.8    89   66.8   -71  396.0    21  228.1   -32  268.0    10  153.5    93   22.3    56    6.3    31

2010   0.5   -97    6.2   -74    5.8   -77   10.4   -71   74.1     7   51.7   -77   99.6   -70  133.1   -60  137.2   -44   48.3   -39   10.6   -26   38.6   704

2011  14.3    -3    5.7   -69   12.2   -41   29.0    -9  113.7    80  466.0   107  194.1   -34  478.1    53  422.6    87   75.0    10    0.0  -100    0.0  -100

2012  42.4   188   17.6    -4    0.0  -100   50.4    58   34.8   -45  189.0   -16  418.3    42  291.4    -7  268.6    19   40.6   -41   50.2   302   22.1   325

2013   0.0  -100   12.4   -33    1.8   -91   37.4    17  184.4   191  229.5     2  334.2    14  372.3    19  327.0    45  349.0   410    0.0  -100    0.0  -100

===============================================================================================================================================================
