                                                                  


District : GIRIDIH




===============================================================================================================================================================
YEAR   JANUARY      FEBRUARY      MARCH        APRIL         MAY          JUNE         JULY        AUGUST     SEPTEMBER     OCTOBER      NOVEMBER     DECEMBER
---------------------------------------------------------------------------------------------------------------------------------------------------------------
       R/F %DEP.    R/F %DEP.    R/F %DEP.    R/F %DEP.    R/F %DEP.    R/F %DEP.    R/F %DEP.    R/F %DEP.    R/F %DEP.    R/F %DEP.    R/F %DEP.    R/F %DEP.
---------------------------------------------------------------------------------------------------------------------------------------------------------------

2009                                                                   77.7   -58  157.6   -53  386.3    33  309.9    38   83.4    -7   11.7    48    0.0  -100

2010   1.1   -93                 8.6   -35   10.0   -50   85.6   134  102.7   -45  212.2   -38  260.2   -10  220.8     7   55.8   -34    4.4   -37   32.0   870

2011   0.1   -99    0.0  -100    5.6   -59   12.7   -29   37.8    -7  319.6    55  144.7   -58  437.6    59  242.7     1   36.7   -54    0.0  -100    0.0  -100

2012  17.8    55    8.5   -14    1.4   -90   29.5    64   28.3   -30  103.0   -50  307.9   -10  296.3     7  223.8    -7   16.7   -79   64.9   711    6.3    11

2013   0.0  -100   15.8    60    0.3   -98   12.7   -29  122.6   202  150.8   -27  132.1   -61  310.6    13  120.9   -50  266.4   232    0.0  -100    0.0  -100

===============================================================================================================================================================
