                                                                  


District : RANCHI




===============================================================================================================================================================
YEAR   JANUARY      FEBRUARY      MARCH        APRIL         MAY          JUNE         JULY        AUGUST     SEPTEMBER     OCTOBER      NOVEMBER     DECEMBER
---------------------------------------------------------------------------------------------------------------------------------------------------------------
       R/F %DEP.    R/F %DEP.    R/F %DEP.    R/F %DEP.    R/F %DEP.    R/F %DEP.    R/F %DEP.    R/F %DEP.    R/F %DEP.    R/F %DEP.    R/F %DEP.    R/F %DEP.
---------------------------------------------------------------------------------------------------------------------------------------------------------------

2009  10.2   -49    0.0  -100   35.6    51    3.4   -86  150.3   231  128.5   -34  277.2   -14  324.2    -3  320.4    35   63.6   -25   24.9   120    5.0    14

2010   0.0  -100    0.0  -100    0.0  -100    8.5   -65   28.7   -37   55.9   -71  152.2   -53  152.0   -55  221.7    -6   69.8   -18    8.7   -23   37.1   743

2011   5.6   -74    0.5   -98    1.8   -92    7.6   -68   46.9    -3  485.7   123  166.9   -53  507.8    48  329.6    36   31.5   -60    0.0  -100    0.0  -100

2012  71.3   226   25.5    -5    5.3   -76   15.0   -36   13.7   -72   91.4   -58  253.2   -29  359.9     5  277.9    15   49.5   -37   71.4   500    7.5   -26

2013   0.1   -99   27.3     2    5.7   -74   19.0   -19   32.7   -32  229.6     6  184.9   -48  189.2   -45  114.2   -53  300.1   281    0.0  -100    0.0  -100

===============================================================================================================================================================
