                                                                  


District : WEST SINGBHUM




===============================================================================================================================================================
YEAR   JANUARY      FEBRUARY      MARCH        APRIL         MAY          JUNE         JULY        AUGUST     SEPTEMBER     OCTOBER      NOVEMBER     DECEMBER
---------------------------------------------------------------------------------------------------------------------------------------------------------------
       R/F %DEP.    R/F %DEP.    R/F %DEP.    R/F %DEP.    R/F %DEP.    R/F %DEP.    R/F %DEP.    R/F %DEP.    R/F %DEP.    R/F %DEP.    R/F %DEP.    R/F %DEP.
---------------------------------------------------------------------------------------------------------------------------------------------------------------

2009   0.0  -100    0.0  -100    0.0  -100    0.0  -100               148.8   -27  121.2   -61  545.8    66  285.4    23  382.7   382    0.0  -100    0.0  -100

2010   0.0  -100    2.2   -91    3.0   -89   36.4    28    0.0  -100   56.3   -72  100.0   -69  180.0   -46  172.6   -25   55.6   -33    0.0  -100   42.0   757

2011   3.1   -76    0.0  -100   29.9    29   65.5   174   71.9    27  268.0    29  229.6   -27  313.8    -8  363.7    63    0.0  -100    0.0  -100    0.0  -100

2012  38.6   199    7.4   -66    0.0  -100    8.6   -64    0.0  -100  146.0   -30  165.1   -48  256.2   -25  200.1   -10   27.2   -57   48.9   399   29.5   436

2013   5.5   -57    5.3   -76    0.6   -97   45.3    90   78.6    39  244.4    18  240.5   -24  167.9   -51  233.4     5  383.2   503    0.0  -100    0.0  -100

===============================================================================================================================================================
