                                                                  


District : ALMORA



===============================================================================================================================================================
YEAR   JANUARY      FEBRUARY      MARCH        APRIL         MAY          JUNE         JULY        AUGUST     SEPTEMBER     OCTOBER      NOVEMBER     DECEMBER
---------------------------------------------------------------------------------------------------------------------------------------------------------------
       R/F %DEP.    R/F %DEP.    R/F %DEP.    R/F %DEP.    R/F %DEP.    R/F %DEP.    R/F %DEP.    R/F %DEP.    R/F %DEP.    R/F %DEP.    R/F %DEP.    R/F %DEP.
---------------------------------------------------------------------------------------------------------------------------------------------------------------

2009   3.0   -94    0.0  -100                40.0    41   52.0     6   13.3   -90  142.2   -53  149.7   -47  166.9     7   16.0   -68   10.9    63    0.0  -100

2010  12.0   -76   68.2    43    0.0  -100    7.3   -74   44.3   -10   72.6   -48  368.7    21  348.2    23  480.8   209   12.3   -76    0.0  -100   14.5   -25

2011  25.6   -45   67.3    44   14.8   -69   25.1    -2   37.0   -21  190.8    44  235.5   -21  399.7    44  164.4    10    1.6   -97    0.0  -100    2.7   -87

2012  36.5   -21    2.0   -96   25.2   -47   18.4   -28    3.9   -92   18.9   -86  287.6    -4  235.0   -15  162.9     9    7.0   -88    4.6   -43   24.6    17

2013  50.6    10  166.0   255   13.9   -71   11.9   -53    5.5   -88  310.5   135  258.1   -14  244.6   -12   55.4   -63   28.2   -51    9.6    19    9.3   -56

===============================================================================================================================================================
