                                                                  


District : CHAMOLI



===============================================================================================================================================================
YEAR   JANUARY      FEBRUARY      MARCH        APRIL         MAY          JUNE         JULY        AUGUST     SEPTEMBER     OCTOBER      NOVEMBER     DECEMBER
---------------------------------------------------------------------------------------------------------------------------------------------------------------
       R/F %DEP.    R/F %DEP.    R/F %DEP.    R/F %DEP.    R/F %DEP.    R/F %DEP.    R/F %DEP.    R/F %DEP.    R/F %DEP.    R/F %DEP.    R/F %DEP.    R/F %DEP.
---------------------------------------------------------------------------------------------------------------------------------------------------------------

2009                                                                   32.2   -69  232.2   -14  124.5   -56  131.6     9   35.6   -11    6.6   -31    0.0  -100

2010   0.0  -100   33.5   -54   17.8   -78   27.7   -38   63.9     7  121.8    18  438.9    62  472.1    67  437.7   263    5.2   -87    1.5   -84    8.7   -64

2011  19.9   -65   77.7     0   19.0   -77   14.4   -66   64.7    -7  170.5    57  399.2    38  508.8    55  210.0    59    4.6   -89    0.3   -97    0.0  -100

2012  53.6    -7   18.8   -76   36.6   -55   47.0    10    9.7   -86   41.1   -62  412.3    42  427.6    30  229.2    74    2.7   -94    4.8   -53   31.4    28

2013  64.0    11  183.0   136   29.5   -64   25.6   -40   15.2   -78  488.3   349  555.3    92  423.3    29   96.5   -27   28.0   -36    3.3   -68    0.2   -99

===============================================================================================================================================================
