                                                                  


District : DEHRADUN



===============================================================================================================================================================
YEAR   JANUARY      FEBRUARY      MARCH        APRIL         MAY          JUNE         JULY        AUGUST     SEPTEMBER     OCTOBER      NOVEMBER     DECEMBER
---------------------------------------------------------------------------------------------------------------------------------------------------------------
       R/F %DEP.    R/F %DEP.    R/F %DEP.    R/F %DEP.    R/F %DEP.    R/F %DEP.    R/F %DEP.    R/F %DEP.    R/F %DEP.    R/F %DEP.    R/F %DEP.    R/F %DEP.
---------------------------------------------------------------------------------------------------------------------------------------------------------------

2009   5.0   -91   39.5   -21    2.6   -94   18.8   -18   43.6     7   74.5   -53  437.4   -31  453.9   -34  273.2    -3  168.7   182    2.0   -78    0.0  -100

2010  14.5   -74   54.5     9    2.0   -95    5.0   -78   49.1    20  129.4   -18  777.4    22  894.0    29  799.5   185   11.7   -80   17.8   100   26.2    45

2011  30.5   -41   73.8    50   15.9   -68   24.8     2   97.7    92  342.5    85  748.4    10  802.5    19  240.8    -7   18.7   -70    0.0  -100    6.7   -67

2012  44.5   -14   13.4   -73   27.3   -45   44.3    83    0.8   -98   64.5   -65  557.5   -18  822.8    22  385.9    49   18.1   -71    5.4   -58   17.5   -15

2013 107.1   107  175.8   257   13.7   -72    7.1   -71   15.0   -70  846.3   357  699.6     2  599.4   -11  190.1   -27   49.6   -21    8.9   -31    5.0   -76

===============================================================================================================================================================
