                                                                  


District : GARHWAL TEHRI



===============================================================================================================================================================
YEAR   JANUARY      FEBRUARY      MARCH        APRIL         MAY          JUNE         JULY        AUGUST     SEPTEMBER     OCTOBER      NOVEMBER     DECEMBER
---------------------------------------------------------------------------------------------------------------------------------------------------------------
       R/F %DEP.    R/F %DEP.    R/F %DEP.    R/F %DEP.    R/F %DEP.    R/F %DEP.    R/F %DEP.    R/F %DEP.    R/F %DEP.    R/F %DEP.    R/F %DEP.    R/F %DEP.
---------------------------------------------------------------------------------------------------------------------------------------------------------------

2009   8.2   -86   39.6   -29    2.0   -97   21.6   -37   36.1   -43   21.8   -83  108.7   -66   40.9   -86  133.7    -8   70.7    42    0.2   -98    0.0  -100

2010  13.9   -76   80.5    44    2.0   -97   14.5   -58   78.4    25   96.0   -25  400.2    24  290.2     0  444.6   207   16.1   -68   20.5    75   38.0    18

2011  18.8   -66   83.1    59    9.1   -84   40.0    26   69.0    23  183.9    35  249.1   -33  381.6     4   56.4   -67    1.0   -98    0.0  -100    1.3   -95

2012  46.6   -15   11.7   -78   30.9   -45   25.4   -20    0.6   -99   12.3   -91  202.3   -46  517.5    41   86.3   -50    0.9   -98    6.5   -37   25.3   -11

2013  77.6    42  219.9   321   32.1   -43   21.8   -31   15.5   -72  428.4   215  221.3   -40  208.0   -43   60.7   -65    9.8   -80    3.1   -70    1.2   -96

===============================================================================================================================================================
