                                                                  


District : GARHWAL PAURI



===============================================================================================================================================================
YEAR   JANUARY      FEBRUARY      MARCH        APRIL         MAY          JUNE         JULY        AUGUST     SEPTEMBER     OCTOBER      NOVEMBER     DECEMBER
---------------------------------------------------------------------------------------------------------------------------------------------------------------
       R/F %DEP.    R/F %DEP.    R/F %DEP.    R/F %DEP.    R/F %DEP.    R/F %DEP.    R/F %DEP.    R/F %DEP.    R/F %DEP.    R/F %DEP.    R/F %DEP.    R/F %DEP.
---------------------------------------------------------------------------------------------------------------------------------------------------------------

2009                                                                   44.2   -69  300.7   -36  245.0   -46  101.0   -53   15.1   -71    0.1   -98   12.6   -28

2010   1.2   -98   35.1   -18    0.0  -100    2.2   -87   41.4    -8   92.0   -36  496.3     6  484.0     7  382.9    79   11.5   -78    0.0  -100   24.0    36

2011  20.3   -53   69.6   110    5.9   -83   13.3   -31  111.3   191  226.3    83  400.6   -11  488.6    10  120.4   -38    1.3   -98    0.0  -100    1.5   -92

2012  19.3   -55   10.2   -69   23.7   -33   14.2   -27    1.5   -96   16.5   -87  401.9   -11  493.7    11  180.6    -7    6.7   -88    0.0  -100   12.3   -31

2013  55.0    28  183.1   452    8.3   -77    6.3   -68    4.3   -89  250.2   103  225.5   -50  264.0   -41   69.8   -64    1.3   -98    0.1   -99    1.1   -94

===============================================================================================================================================================
