                                                                  


District : NAINITAL



===============================================================================================================================================================
YEAR   JANUARY      FEBRUARY      MARCH        APRIL         MAY          JUNE         JULY        AUGUST     SEPTEMBER     OCTOBER      NOVEMBER     DECEMBER
---------------------------------------------------------------------------------------------------------------------------------------------------------------
       R/F %DEP.    R/F %DEP.    R/F %DEP.    R/F %DEP.    R/F %DEP.    R/F %DEP.    R/F %DEP.    R/F %DEP.    R/F %DEP.    R/F %DEP.    R/F %DEP.    R/F %DEP.
---------------------------------------------------------------------------------------------------------------------------------------------------------------

2009   0.6   -99   14.3   -66    3.2   -92   22.2    -5   51.4    -9   62.6   -71  226.2   -59  493.7     2  301.0    10  194.1   164   24.7   394    2.8   -83

2010   7.2   -86   49.8    17    0.2  -100    5.5   -76   57.7     2  120.3   -45  819.0    50  703.4    45  702.5   158    3.1   -96    8.9    78   19.7    18

2011  34.7   -25   61.1    49   19.0   -50   45.6   118   64.1    18  334.2    63  551.6     7  656.1    43  250.9    -4    1.9   -98    0.3   -95    1.7   -89

2012  41.2   -10    4.0   -90   50.7    34   40.8    95    2.1   -96   62.9   -69  596.9    16  472.1     3  310.9    19    2.3   -97    5.0   -23   16.3     3

2013  64.6    40  206.6   404   17.8   -53   31.9    53   15.2   -72  741.0   261  482.1    -6  411.7   -10  136.0   -48   15.8   -81    1.7   -74    9.5   -40

===============================================================================================================================================================
