                                                                  


District : PITHORAGARH



===============================================================================================================================================================
YEAR   JANUARY      FEBRUARY      MARCH        APRIL         MAY          JUNE         JULY        AUGUST     SEPTEMBER     OCTOBER      NOVEMBER     DECEMBER
---------------------------------------------------------------------------------------------------------------------------------------------------------------
       R/F %DEP.    R/F %DEP.    R/F %DEP.    R/F %DEP.    R/F %DEP.    R/F %DEP.    R/F %DEP.    R/F %DEP.    R/F %DEP.    R/F %DEP.    R/F %DEP.    R/F %DEP.
---------------------------------------------------------------------------------------------------------------------------------------------------------------

2009   2.5   -95                                           2.5   -97   34.3   -87  445.1   -11  555.7    14  282.6    13  144.0   116   13.8    23    1.7   -90

2010   5.9   -89   64.9    18    3.4   -95   16.5   -62   70.6   -13   72.1   -72  514.0     3  416.0   -15  485.0    94   12.3   -82    1.8   -84   16.0    -9

2011  35.7   -29   71.9    25   38.9   -41   27.5   -40  125.6    34  257.3   -14  507.9    -9  478.2   -11  193.9   -34   15.0   -77   13.1     5    0.5   -97

2012  82.0    63   10.1   -82   25.8   -61   96.3   108   42.2   -55  101.4   -66  441.0   -21  347.3   -36  313.0     7   14.6   -78    6.7   -46   13.8   -28

2013  87.4    74  159.4   178   18.9   -71   66.6    44   51.3   -45  400.5    34  536.4    -3  343.9   -36  143.3   -51   32.0   -51    5.5   -56    7.5   -61

===============================================================================================================================================================
