                                                                  


District : RUDRAPRAYAG



===============================================================================================================================================================
YEAR   JANUARY      FEBRUARY      MARCH        APRIL         MAY          JUNE         JULY        AUGUST     SEPTEMBER     OCTOBER      NOVEMBER     DECEMBER
---------------------------------------------------------------------------------------------------------------------------------------------------------------
       R/F %DEP.    R/F %DEP.    R/F %DEP.    R/F %DEP.    R/F %DEP.    R/F %DEP.    R/F %DEP.    R/F %DEP.    R/F %DEP.    R/F %DEP.    R/F %DEP.    R/F %DEP.
---------------------------------------------------------------------------------------------------------------------------------------------------------------

2009                                                                   17.8   -92  204.1   -65  171.7   -73  109.1   -55   36.6   -20   11.8     4    0.0  -100

2010  20.0   -73   26.5   -64    3.2   -96    7.2   -87   47.5   -48  166.6   -21  577.2    -1  488.3   -22  448.8    86   12.1   -74    1.2   -89   25.0   -12

2011  32.5   -57  107.8    47    7.1   -92   12.7   -77   90.6    -4  369.6    70  437.3   -24  465.4   -27  112.1   -53   27.5   -48    0.0  -100    0.0  -100

2012  69.0    -9    9.3   -87   17.1   -80   34.0   -38   13.4   -86   95.4   -56  306.5   -47  504.6   -21  175.5   -26    3.6   -93    4.2   -69   29.4    -3

2013  75.2    -1  207.0   182   32.4   -62   19.4   -65    3.4   -96  617.4   184  416.7   -28  309.6   -52  126.8   -46   20.7   -61    3.1   -77    0.0  -100

===============================================================================================================================================================
