                                                                  


District : UDHAM SINGH NAGAR



===============================================================================================================================================================
YEAR   JANUARY      FEBRUARY      MARCH        APRIL         MAY          JUNE         JULY        AUGUST     SEPTEMBER     OCTOBER      NOVEMBER     DECEMBER
---------------------------------------------------------------------------------------------------------------------------------------------------------------
       R/F %DEP.    R/F %DEP.    R/F %DEP.    R/F %DEP.    R/F %DEP.    R/F %DEP.    R/F %DEP.    R/F %DEP.    R/F %DEP.    R/F %DEP.    R/F %DEP.    R/F %DEP.
---------------------------------------------------------------------------------------------------------------------------------------------------------------

2009                                                                    0.0  -100  119.1   -72  201.3   -48  112.6   -46   67.0    -2    3.4   -11    1.6   -82

2010   0.5   -99   42.4    85    0.0  -100    0.0  -100   90.0   182    7.0   -96  748.5    78  497.9    28  604.6   188    1.6   -98    0.1   -97    0.0  -100

2011   8.9   -70   28.7    51    4.1   -74    6.3   -30   74.6   127  116.8   -21  517.7    28  699.3    91  209.9     3    0.0  -100    0.0  -100    0.0  -100

2012  16.6   -45    1.2   -94    1.8   -89    5.1   -43    0.0  -100   11.7   -92  248.5   -38  324.8   -11  161.9   -21    0.0  -100    0.4   -91    2.8   -70

2013  29.7    -1  116.6   514   11.2   -29    3.9   -57    1.1   -97  412.8   180  329.8   -18  279.8   -24   70.4   -65   66.0   -10    0.9   -80    5.1   -46

===============================================================================================================================================================
