                                                                  


District : KOHIMA




===============================================================================================================================================================
YEAR   JANUARY      FEBRUARY      MARCH        APRIL         MAY          JUNE         JULY        AUGUST     SEPTEMBER     OCTOBER      NOVEMBER     DECEMBER
---------------------------------------------------------------------------------------------------------------------------------------------------------------
       R/F %DEP.    R/F %DEP.    R/F %DEP.    R/F %DEP.    R/F %DEP.    R/F %DEP.    R/F %DEP.    R/F %DEP.    R/F %DEP.    R/F %DEP.    R/F %DEP.    R/F %DEP.
---------------------------------------------------------------------------------------------------------------------------------------------------------------

2009   0.0  -100    7.9   -67   24.6   -50   33.7   -60  146.6   -10  161.5   -51  243.7   -36  367.1     2  190.1   -23  122.1    -1   10.5   -72    0.0  -100

2010   2.4   -79   13.0   -46   60.9    24   84.1     0   98.9   -39  329.3     0  451.6    18  516.8    43  228.5    -8   73.7   -40    1.0   -97   21.2   272

2011   8.9   -28    5.2   -82   43.0   -23   34.3   -62  211.6    31  164.2   -47  199.6   -45  153.5   -59  215.1   -17   27.4   -79    0.0  -100    0.0  -100

2012  22.6    84    6.8   -76   29.1   -48   48.6   -46  101.4   -37  242.0   -21  242.7   -34  173.3   -54  141.1   -45   93.3   -28   30.6    -4    0.0  -100

2013   0.0  -100   17.2   -40   54.7    -2   81.0   -10  283.3    75  247.6   -20  391.0     7  265.5   -29  178.3   -31   99.5   -24    0.0  -100    1.9   -69

===============================================================================================================================================================
