                                                                  


District : PHEK




===============================================================================================================================================================
YEAR   JANUARY      FEBRUARY      MARCH        APRIL         MAY          JUNE         JULY        AUGUST     SEPTEMBER     OCTOBER      NOVEMBER     DECEMBER
---------------------------------------------------------------------------------------------------------------------------------------------------------------
       R/F %DEP.    R/F %DEP.    R/F %DEP.    R/F %DEP.    R/F %DEP.    R/F %DEP.    R/F %DEP.    R/F %DEP.    R/F %DEP.    R/F %DEP.    R/F %DEP.    R/F %DEP.
---------------------------------------------------------------------------------------------------------------------------------------------------------------

2009   1.4   -88    6.8   -72    9.6   -80   57.8   -31  164.4     1  157.2   -52  182.2   -52  273.8   -24   84.8   -66  109.4   -11    1.2   -97    0.0  -100

2010   0.0  -100    0.6   -98    0.0  -100    0.0  -100  109.5   -33  339.8     3  253.6   -34  288.0   -20  212.6   -14  193.0    56    5.8   -84    0.0  -100

2011  13.0     6    0.0  -100   50.2   -10   57.6   -36  254.0    57  420.3    36  255.2   -30  221.4   -41  100.7   -61   59.4   -54    0.0  -100        

2012   8.2   -33    0.0  -100   13.0   -77  113.0    26   78.9   -51  396.0    28  360.0    -1  336.4   -11  201.5   -22   80.9   -38   21.7   -32    0.0  -100

2013   0.0  -100    1.7   -94   33.5   -40   91.2     2  160.6    -1   94.9   -69  269.2   -26  283.5   -25  181.5   -30  190.6    46    0.0  -100    0.0  -100

===============================================================================================================================================================
