                                                                  


District : ANANTNAG




===============================================================================================================================================================
YEAR   JANUARY      FEBRUARY      MARCH        APRIL         MAY          JUNE         JULY        AUGUST     SEPTEMBER     OCTOBER      NOVEMBER     DECEMBER
---------------------------------------------------------------------------------------------------------------------------------------------------------------
       R/F %DEP.    R/F %DEP.    R/F %DEP.    R/F %DEP.    R/F %DEP.    R/F %DEP.    R/F %DEP.    R/F %DEP.    R/F %DEP.    R/F %DEP.    R/F %DEP.    R/F %DEP.
---------------------------------------------------------------------------------------------------------------------------------------------------------------

2009 166.1   104  128.2    29   76.5   -50  107.7    -8   82.9   -17   92.7    66   78.4    -9   47.2   -37   43.9   -21    5.6   -85   67.4    78   27.9   -52

2010  53.9   -34  110.0    11   65.2   -57  142.9    22  266.9   167  100.1    79   91.2     6  107.2    44   87.7    57   62.6    67   25.6   -32   57.2    -2

2011  47.4   -43  184.9    84  125.9   -18  183.1    61   50.9   -50   36.5   -44   57.2   -35   81.7     0  115.2   129   16.4   -58   14.5   -62   51.1    -8

2012 133.5    60  181.1    80   63.8   -58  138.0    22   80.0   -21   46.3   -29   42.1   -52   90.8    11  112.8   124   15.5   -61   13.7   -64   44.6   -19

2013  75.6    -9  168.5    67   62.3   -59  120.1     6   89.1   -12   94.0    44   53.5   -39  121.3    48   34.0   -33   40.2     2   13.2   -66   65.5    18

===============================================================================================================================================================
