                                                                  


District : BARAMULA




===============================================================================================================================================================
YEAR   JANUARY      FEBRUARY      MARCH        APRIL         MAY          JUNE         JULY        AUGUST     SEPTEMBER     OCTOBER      NOVEMBER     DECEMBER
---------------------------------------------------------------------------------------------------------------------------------------------------------------
       R/F %DEP.    R/F %DEP.    R/F %DEP.    R/F %DEP.    R/F %DEP.    R/F %DEP.    R/F %DEP.    R/F %DEP.    R/F %DEP.    R/F %DEP.    R/F %DEP.    R/F %DEP.
---------------------------------------------------------------------------------------------------------------------------------------------------------------

2009 125.6   -10  148.9   -26   75.9   -73  121.6   -26  108.0   -12  126.1    77   71.6   -17   17.4   -79   48.8    -9    7.4   -83   50.8    46   31.0   -84

2010  32.0   -77  239.5    18   61.9   -78  147.8   -11  311.9   154  129.3    82  200.6   134  121.8    49   32.2   -40   25.2   -42    0.8   -98   29.2   -85

2011  52.7   -55  250.9    60  176.3    -7  153.7     5   63.4   -43   59.2    -2   33.2   -53   86.6    24   80.2    74   46.0    -3   46.1    28   28.4   -65

2012  46.9   -60  136.0   -13   49.6   -74  158.8     9  127.1    14   87.7    45   29.0   -59   79.7    14  124.3   170   36.3   -24   27.9   -22   85.7     6

2013  98.4   -15  171.6     9   64.0   -66  105.4   -28  128.2    15   87.0    44   43.4   -39  136.5    95   46.4     1   30.5   -36   11.4   -68   18.8   -77

===============================================================================================================================================================
