                                                                  


District : DODA




===============================================================================================================================================================
YEAR   JANUARY      FEBRUARY      MARCH        APRIL         MAY          JUNE         JULY        AUGUST     SEPTEMBER     OCTOBER      NOVEMBER     DECEMBER
---------------------------------------------------------------------------------------------------------------------------------------------------------------
       R/F %DEP.    R/F %DEP.    R/F %DEP.    R/F %DEP.    R/F %DEP.    R/F %DEP.    R/F %DEP.    R/F %DEP.    R/F %DEP.    R/F %DEP.    R/F %DEP.    R/F %DEP.
---------------------------------------------------------------------------------------------------------------------------------------------------------------

2009 160.0    16  151.9   -12   82.7   -61  141.0    31   59.6   -30   50.6    -3  112.2   -13   51.7   -49   59.1   -33    7.1   -81   81.2    87   19.1   -82

2010  48.0   -65  240.8    40   41.6   -80   79.2   -26  177.6   110  109.2   110  167.2    30  189.0    85  110.0    25   36.2    -3   29.8   -31   73.8   -29

2011  65.0   -46  230.4    42  140.8   -34  128.0     0   72.6   -28   53.6   -26   80.2   -45  130.2     3   83.0   -14   45.0    10    8.4   -82   38.2   -55

2012 224.8    88  177.5    10   87.0   -59  145.8    14   84.4   -16   31.2   -57   51.2   -65   87.8   -30  117.6    22    2.4   -94   12.8   -72   90.4     7

2013  76.4   -36  320.0    98   75.2   -65   42.2   -67   87.2   -13  105.1    45   89.5   -39  362.4   188   84.2   -13   35.6   -13   22.6   -51   64.0   -24

===============================================================================================================================================================
