                                                                  


District : JAMMU




===============================================================================================================================================================
YEAR   JANUARY      FEBRUARY      MARCH        APRIL         MAY          JUNE         JULY        AUGUST     SEPTEMBER     OCTOBER      NOVEMBER     DECEMBER
---------------------------------------------------------------------------------------------------------------------------------------------------------------
       R/F %DEP.    R/F %DEP.    R/F %DEP.    R/F %DEP.    R/F %DEP.    R/F %DEP.    R/F %DEP.    R/F %DEP.    R/F %DEP.    R/F %DEP.    R/F %DEP.    R/F %DEP.
---------------------------------------------------------------------------------------------------------------------------------------------------------------

2009  69.5   -14   34.1   -54   15.6   -80   41.1    -4   11.6   -65   18.6   -71  244.4   -27  273.4   -13   26.1   -82    7.2   -65    4.2   -70    0.6   -99

2010   7.5   -91   26.9   -64    4.9   -92    6.2   -80   39.1    62   67.0    19  272.9   -18  586.1    76   84.4   -43   31.5    50    2.6   -74   52.8    32

2011   9.4   -83   74.9    12   57.7   -16   19.9   -47   24.3   -39  317.4   397  371.4     1  468.2    45   89.2   -16   11.5   -63    0.1   -99    0.5   -99

2012 102.4    82   35.9   -46   20.0   -71   48.6    31    9.5   -76    7.9   -88  268.9   -27  512.0    58  204.6    92    1.3   -96    4.0   -75   62.4    80

2013  46.2   -18  143.0   115   26.8   -61    2.0   -95   18.0   -55  121.2    90  329.7   -10  548.3    69  101.8    -4   77.7   147   13.1   -17    6.3   -82

===============================================================================================================================================================
