                                                                  


District : LADAKH (LEH)




===============================================================================================================================================================
YEAR   JANUARY      FEBRUARY      MARCH        APRIL         MAY          JUNE         JULY        AUGUST     SEPTEMBER     OCTOBER      NOVEMBER     DECEMBER
---------------------------------------------------------------------------------------------------------------------------------------------------------------
       R/F %DEP.    R/F %DEP.    R/F %DEP.    R/F %DEP.    R/F %DEP.    R/F %DEP.    R/F %DEP.    R/F %DEP.    R/F %DEP.    R/F %DEP.    R/F %DEP.    R/F %DEP.
---------------------------------------------------------------------------------------------------------------------------------------------------------------

2009  10.1    33    0.0  -100    0.3   -97    0.0  -100    3.2   -52    0.2   -93    1.9   -85    0.5   -96    1.9   -77    0.0  -100    5.8    76    4.6   -13

2010   0.9   -88    6.3   -16    0.9   -91    9.7    28   16.4   148    4.2    50    3.4   -73    9.6   -22    1.0   -88    0.4   -91    0.0  -100    7.1    37

2011   2.9   -64   31.0   325    5.7   -35    0.4   -95    0.0  -100    0.3   -92    0.0  -100    9.5   -33    5.3   -38    1.7   -76    0.7   -81    0.0  -100

2012   3.0   -63    0.4   -95    1.2   -86    2.7   -66    0.1   -99    3.9     3    1.4   -89    2.6   -82    4.7   -45    0.0  -100    0.5   -86    1.8   -55

2013   2.8   -65    7.4     1    0.8   -91    0.9   -89    9.7    21    6.5    71    4.5   -66    6.5   -54    2.1   -76    6.2   -14    0.0  -100    0.2   -95

===============================================================================================================================================================
