                                                                  


District : PULWAMA




===============================================================================================================================================================
YEAR   JANUARY      FEBRUARY      MARCH        APRIL         MAY          JUNE         JULY        AUGUST     SEPTEMBER     OCTOBER      NOVEMBER     DECEMBER
---------------------------------------------------------------------------------------------------------------------------------------------------------------
       R/F %DEP.    R/F %DEP.    R/F %DEP.    R/F %DEP.    R/F %DEP.    R/F %DEP.    R/F %DEP.    R/F %DEP.    R/F %DEP.    R/F %DEP.    R/F %DEP.    R/F %DEP.
---------------------------------------------------------------------------------------------------------------------------------------------------------------

2009 105.0   164   79.6    41   19.0   -80   58.2   -37   51.7   -33   44.7    28   66.5    -2   31.3   -58   16.9   -57    4.4   -83   28.0    15   16.6   -47

2010  26.1   -34   54.7    -3   46.6   -50   98.2     5  186.0   141   36.2     4   71.7     5  148.8   101   30.9   -22   44.7    72    3.2   -87   32.6     4

2011  34.4   -19   84.2    75   65.5   -15  107.7    49   21.9   -62   14.2   -44   45.6     7   37.3   -21   60.4    68   12.2   -42    6.3   -51   19.4    -8

2012  74.7    76   48.3     0   24.8   -68   79.4    10   34.7   -40   20.6   -19   24.4   -43   88.2    86   46.5    29    5.7   -73    2.6   -80   28.5    35

2013  40.6    -4  107.5   123   43.5   -44   99.1    37   34.6   -40   44.8    76   52.6    24   47.7     1   15.3   -58    8.5   -60    5.0   -61   27.5    30

===============================================================================================================================================================
