                                                                  


District : SRINAGAR




===============================================================================================================================================================
YEAR   JANUARY      FEBRUARY      MARCH        APRIL         MAY          JUNE         JULY        AUGUST     SEPTEMBER     OCTOBER      NOVEMBER     DECEMBER
---------------------------------------------------------------------------------------------------------------------------------------------------------------
       R/F %DEP.    R/F %DEP.    R/F %DEP.    R/F %DEP.    R/F %DEP.    R/F %DEP.    R/F %DEP.    R/F %DEP.    R/F %DEP.    R/F %DEP.    R/F %DEP.    R/F %DEP.
---------------------------------------------------------------------------------------------------------------------------------------------------------------

2009  88.3    48   94.4    38   39.6   -61   81.5    -6   47.5   -30   53.3    54   32.8   -44   17.4   -72   21.2   -35    4.9   -84   45.1    61   16.5   -65

2010  22.6   -62   85.1    24   50.8   -50  118.1    36  178.3   161   41.4    20   63.6     9  139.2   124   15.0   -54   42.7    43    0.8   -97   46.5    -1

2011  53.8    -5  100.1    45   99.3    -5   99.5    15   20.0   -71   34.9    -7   31.4   -44   57.0    -6   53.2    75   27.9   -12   24.9   -14   31.7   -28

2012  53.8    -5   78.6    14   46.2   -56  100.4    16   45.6   -33   21.6   -42   24.4   -56   47.9   -21   92.8   205   10.2   -68   12.8   -56   31.0   -30

2013  66.5    17  122.3    78   63.1   -39  119.9    38   52.1   -23   80.5   115   80.0    44  120.3    98   32.6     7   19.6   -38   10.0   -66   18.6   -58

===============================================================================================================================================================
