                                                                  


District : UDHAMPUR




===============================================================================================================================================================
YEAR   JANUARY      FEBRUARY      MARCH        APRIL         MAY          JUNE         JULY        AUGUST     SEPTEMBER     OCTOBER      NOVEMBER     DECEMBER
---------------------------------------------------------------------------------------------------------------------------------------------------------------
       R/F %DEP.    R/F %DEP.    R/F %DEP.    R/F %DEP.    R/F %DEP.    R/F %DEP.    R/F %DEP.    R/F %DEP.    R/F %DEP.    R/F %DEP.    R/F %DEP.    R/F %DEP.
---------------------------------------------------------------------------------------------------------------------------------------------------------------

2009  77.7   -30   53.7   -53   25.1   -83   49.0   -19   31.8   -34   34.9   -63  284.0   -44  277.5   -44   73.1   -62   11.1   -70    8.9   -53    0.8   -99

2010  26.7   -76   72.4   -37    7.0   -95   45.4   -25   87.1    80  112.4    18  383.6   -24  324.4   -34  214.6    12   24.4   -34    6.4   -66   67.2     0

2011  12.6   -88  131.9    10  152.8    13   67.2     5   49.2    20   59.3   -35  157.2   -69  256.2   -54   95.2   -57    6.6   -85    1.4   -94   25.5   -58

2012  81.5   -25   55.2   -54   40.4   -70   54.4   -15   15.7   -62   26.8   -71  338.2   -34  549.9     0  171.7   -22    2.2   -95    2.3   -91   35.4   -41

2013  57.0   -47  122.3     2   49.0   -64   22.7   -65   47.8    16  113.8    24  182.3   -65  477.6   -13   32.2   -85   68.2    60   14.8   -40    8.0   -87

===============================================================================================================================================================
