                                                                  


District : BAGALKOTE




===============================================================================================================================================================
YEAR   JANUARY      FEBRUARY      MARCH        APRIL         MAY          JUNE         JULY        AUGUST     SEPTEMBER     OCTOBER      NOVEMBER     DECEMBER
---------------------------------------------------------------------------------------------------------------------------------------------------------------
       R/F %DEP.    R/F %DEP.    R/F %DEP.    R/F %DEP.    R/F %DEP.    R/F %DEP.    R/F %DEP.    R/F %DEP.    R/F %DEP.    R/F %DEP.    R/F %DEP.    R/F %DEP.
---------------------------------------------------------------------------------------------------------------------------------------------------------------

2009   0.0  -100    0.0  -100    2.9   -45   14.8   -38   66.3    14  119.0    62   41.7   -45  107.3    50  195.6    35  220.1   116   28.8     4   31.2   380

2010  13.4  1118    0.1   -94    0.0  -100   10.6   -56   57.4    -1  109.7    50   89.6    18  149.3   109   64.2   -56   58.3   -43   83.2   200    0.4   -94

2011   0.0  -100    1.9    27    0.4   -91   39.2    67   81.0    41   74.9    -6   77.6     5  107.0    48   57.1   -58   90.4   -20    0.0  -100    0.0  -100

2012   0.0  -100    0.0   -99    0.0  -100   31.9    36   17.6   -69   33.2   -59   54.3   -26   67.8    -6   50.0   -64   93.6   -17   41.8    65    0.0  -100

2013   0.0  -100    1.4    -7    1.9   -58   36.3    54   42.7   -25   59.4   -26   80.8    10   18.8   -74  146.4     7  126.2    12    0.7   -97    0.0  -100

===============================================================================================================================================================
