                                                                  


District : BANGALORE URBAN




===============================================================================================================================================================
YEAR   JANUARY      FEBRUARY      MARCH        APRIL         MAY          JUNE         JULY        AUGUST     SEPTEMBER     OCTOBER      NOVEMBER     DECEMBER
---------------------------------------------------------------------------------------------------------------------------------------------------------------
       R/F %DEP.    R/F %DEP.    R/F %DEP.    R/F %DEP.    R/F %DEP.    R/F %DEP.    R/F %DEP.    R/F %DEP.    R/F %DEP.    R/F %DEP.    R/F %DEP.    R/F %DEP.
---------------------------------------------------------------------------------------------------------------------------------------------------------------

2009   0.1   -88    0.0  -100   15.2   162   63.9    97  123.8    32  125.4   111   30.2   -58  162.2    19  335.3   111   35.2   -71   66.8    67   17.5    33

2010   5.4   575    0.0  -100   17.4   100   97.5   170  123.9    19   67.3    -4  112.3    18  121.1    -4  149.9   -14   95.8   -34  166.8   207    2.7   -84

2011   0.0  -100   18.2   172    2.0   -76  157.8   303  139.1    31   54.5   -26   92.6     1  237.5    84   89.3   -51  170.8     7   64.8    20    5.9   -67

2012   0.1   -96    0.0  -100    0.6   -93   21.1   -46  108.1     2    9.2   -88   63.7   -30  130.5     1   41.3   -77   60.0   -62  100.6    87   17.2    -4

2013   0.0  -100    4.0   -40    2.6   -68   28.9   -26  110.1     4   93.1    26   76.2   -17   72.6   -44  249.3    38   95.5   -40   63.3    17    1.4   -92

===============================================================================================================================================================
