                                                                  


District : BELLARY




===============================================================================================================================================================
YEAR   JANUARY      FEBRUARY      MARCH        APRIL         MAY          JUNE         JULY        AUGUST     SEPTEMBER     OCTOBER      NOVEMBER     DECEMBER
---------------------------------------------------------------------------------------------------------------------------------------------------------------
       R/F %DEP.    R/F %DEP.    R/F %DEP.    R/F %DEP.    R/F %DEP.    R/F %DEP.    R/F %DEP.    R/F %DEP.    R/F %DEP.    R/F %DEP.    R/F %DEP.    R/F %DEP.
---------------------------------------------------------------------------------------------------------------------------------------------------------------

2009   0.0  -100    0.0  -100    6.3   117    6.7   -75   69.4    15   76.9     9   34.9   -58  108.8    20  266.2    87  265.2   132   68.0   132   12.1    55

2010  19.2  1271    2.7    35    0.0  -100   25.9    -4   88.9    47   58.7   -17   76.3    -8  298.8   229   64.8   -55   98.6   -14  127.4   335    0.5   -94

2011   0.0  -100    0.5   -64    1.2   -59   44.4    69   65.7    13   75.8     5   95.0    23   87.2    -2   25.9   -81   69.0   -41    8.9   -71    0.0  -100

2012   0.0  -100    0.0  -100    0.3   -90   92.9   255   38.3   -34   21.9   -70   51.1   -34  103.0    15   75.5   -45   38.3   -67  122.9   295    0.5   -95

2013   0.0  -100    4.4   214    1.9   -34   11.3   -57   77.9    35   94.9    31   85.0    10   70.3   -21  127.9    -7  122.3     5    8.3   -73    0.0  -100

===============================================================================================================================================================
