                                                                  


District : BIDAR




===============================================================================================================================================================
YEAR   JANUARY      FEBRUARY      MARCH        APRIL         MAY          JUNE         JULY        AUGUST     SEPTEMBER     OCTOBER      NOVEMBER     DECEMBER
---------------------------------------------------------------------------------------------------------------------------------------------------------------
       R/F %DEP.    R/F %DEP.    R/F %DEP.    R/F %DEP.    R/F %DEP.    R/F %DEP.    R/F %DEP.    R/F %DEP.    R/F %DEP.    R/F %DEP.    R/F %DEP.    R/F %DEP.
---------------------------------------------------------------------------------------------------------------------------------------------------------------

2009   0.0  -100    0.0  -100    4.9   -52    4.5   -79   10.2   -68   81.5   -43   55.4   -72  193.3    -1  161.9   -13  103.7    26   23.5    15    8.3    20

2010   1.8   -60   14.8    90    0.0  -100   21.9     4   16.3   -49   91.5   -36  407.2   109  339.1    74  150.9   -19   71.4   -13   51.8   153    0.0  -100

2011   0.0  -100    4.7   -23    3.5   -65   28.7    32   27.2   -13   59.7   -56  310.8    63  255.9    30   59.1   -65   33.6   -64    0.0  -100    0.0  -100

2012   0.6   -90    0.3   -95    0.0  -100   29.7    37   14.2   -55  149.4     9  183.0    -4  126.2   -36  127.8   -25  101.5     9   29.8    43    0.0  -100

2013   1.7   -71   11.7    92    0.9   -91   35.0    61   19.7   -37  133.2    -3  353.0    85  107.9   -45  182.2     7  114.2    22   29.2    40    0.1   -98

===============================================================================================================================================================
