                                                                  


District : BIJAPUR




===============================================================================================================================================================
YEAR   JANUARY      FEBRUARY      MARCH        APRIL         MAY          JUNE         JULY        AUGUST     SEPTEMBER     OCTOBER      NOVEMBER     DECEMBER
---------------------------------------------------------------------------------------------------------------------------------------------------------------
       R/F %DEP.    R/F %DEP.    R/F %DEP.    R/F %DEP.    R/F %DEP.    R/F %DEP.    R/F %DEP.    R/F %DEP.    R/F %DEP.    R/F %DEP.    R/F %DEP.    R/F %DEP.
---------------------------------------------------------------------------------------------------------------------------------------------------------------

2009   0.0  -100    0.0  -100    6.7    18    5.0   -71   59.9    37   92.1     3   20.1   -77  178.1   109  301.4    81  253.8   154   33.5    36   14.7   133

2010   8.5   372    0.6   -81    0.2   -96   11.3   -35   39.4   -10   95.1     7   91.0     5  170.9   100   85.4   -49   83.0   -17   44.1    79    3.4   -46

2011   0.0  -100    0.0  -100    0.2   -96   31.1    55   59.5    28   59.0   -38   83.3    -9   95.6     5   39.4   -75   45.2   -60    0.0  -100    0.0  -100

2012   0.0  -100    0.0  -100    0.0  -100   26.2    30    9.1   -80   33.0   -65   80.1   -13   62.0   -32   68.4   -57  123.8    11   25.3     2    0.0  -100

2013   0.3   -88    2.3   -15    2.0   -62   28.7    43   21.4   -54   86.9    -8  122.2    33   51.4   -44  201.3    27   94.8   -15    1.4   -94    0.0  -100

===============================================================================================================================================================
