                                                                  


District : CHAMARAJANAGAR




===============================================================================================================================================================
YEAR   JANUARY      FEBRUARY      MARCH        APRIL         MAY          JUNE         JULY        AUGUST     SEPTEMBER     OCTOBER      NOVEMBER     DECEMBER
---------------------------------------------------------------------------------------------------------------------------------------------------------------
       R/F %DEP.    R/F %DEP.    R/F %DEP.    R/F %DEP.    R/F %DEP.    R/F %DEP.    R/F %DEP.    R/F %DEP.    R/F %DEP.    R/F %DEP.    R/F %DEP.    R/F %DEP.
---------------------------------------------------------------------------------------------------------------------------------------------------------------

2009   0.0  -100    0.0  -100   10.6   -29   52.9   -22  100.8   -24   37.1   -33   78.9    21  106.7    64  109.1    -8   38.6   -75  106.4    71   49.6   112

2010   0.7   -81    3.9   -41   10.1   -33   77.5    15  100.2   -25   66.8    21   75.9    17   95.4    46   88.0   -26  139.7    -9  225.3   262   17.0   -27

2011   0.3   -91   23.2   287   28.7   117  124.1    79   94.6   -28   61.5     0   47.0   -32   92.9    41   26.6   -79  136.0   -14  116.6    86    7.3   -70

2012   1.8   -47    0.0  -100    0.5   -96  105.9    53   61.5   -53   10.6   -83   41.3   -40   52.5   -20   33.5   -73  138.2   -12   73.4    17   10.3   -58

2013   0.0  -100    0.4   -93    4.8   -64   74.4     8   82.9   -37   46.5   -25   75.9    10   75.5    14  157.1    27  108.3   -31   49.3   -21    3.8   -84

===============================================================================================================================================================
