                                                                  


District : CHIKMAGALUR




===============================================================================================================================================================
YEAR   JANUARY      FEBRUARY      MARCH        APRIL         MAY          JUNE         JULY        AUGUST     SEPTEMBER     OCTOBER      NOVEMBER     DECEMBER
---------------------------------------------------------------------------------------------------------------------------------------------------------------
       R/F %DEP.    R/F %DEP.    R/F %DEP.    R/F %DEP.    R/F %DEP.    R/F %DEP.    R/F %DEP.    R/F %DEP.    R/F %DEP.    R/F %DEP.    R/F %DEP.    R/F %DEP.
---------------------------------------------------------------------------------------------------------------------------------------------------------------

2009   0.0  -100    0.0  -100   85.5   650   31.0   -46  104.5     4  170.4   -42  992.1    71  208.9   -45  339.8   109  173.0    16   93.4    85   59.1   355

2010  10.5   518    0.0  -100   19.6    72  110.2    91  114.9    15  278.3    -5  552.1    -5  473.0    25  334.7   106  201.1    35  221.2   338    4.2   -68

2011   0.0  -100    9.8   390    5.6   -53   95.0    58   71.8   -32  437.8    11  494.9   -25  404.5    -5  245.1    40  205.2    23   49.2   -16    0.0  -100

2012   0.0  -100    0.3   -85    0.7   -94  170.9   184   39.8   -62  196.4   -50  314.1   -53  539.7    27  187.0     7   57.6   -66  101.7    73    1.0   -92

2013   1.5    -6   23.2  1060   18.8    57   19.1   -68  140.2    32  389.4    -1  915.4    38  367.8   -13  232.5    33   72.6   -57   16.3   -72    4.3   -65

===============================================================================================================================================================
