                                                                  


District : CHITRADURGA




===============================================================================================================================================================
YEAR   JANUARY      FEBRUARY      MARCH        APRIL         MAY          JUNE         JULY        AUGUST     SEPTEMBER     OCTOBER      NOVEMBER     DECEMBER
---------------------------------------------------------------------------------------------------------------------------------------------------------------
       R/F %DEP.    R/F %DEP.    R/F %DEP.    R/F %DEP.    R/F %DEP.    R/F %DEP.    R/F %DEP.    R/F %DEP.    R/F %DEP.    R/F %DEP.    R/F %DEP.    R/F %DEP.
---------------------------------------------------------------------------------------------------------------------------------------------------------------

2009   0.0  -100    0.0  -100    8.1    98    5.8   -79  148.3   107   61.8    31   55.3   -12  152.4   140  226.0   112   99.4    -7   59.8    77   25.5   204

2010   7.5   400    0.0  -100    1.4   -66   93.2   241  140.2    95   44.0    -7  121.6    94  191.8   203   81.6   -24   93.3   -12  196.9   484    0.0  -100

2011   0.0  -100    0.3   -75    1.5   -66   57.7   124   52.3   -19   46.9    -7   37.4   -33   58.5    -1   26.9   -75  115.9     0   19.9   -41    0.2   -98

2012   0.0  -100    0.0  -100    0.0  -100  131.4   409   44.3   -32   20.3   -60   40.7   -27  139.9   138   61.6   -42   35.0   -70  102.0   202    0.4   -95

2013   0.0  -100    4.7   292    2.8   -36   16.3   -37  110.4    70   86.8    72   77.9    39   57.9    -2  167.8    59   55.5   -52    3.6   -89    0.1   -99

===============================================================================================================================================================
