                                                                  


District : DAKSHIN KANNADA




===============================================================================================================================================================
YEAR   JANUARY      FEBRUARY      MARCH        APRIL         MAY          JUNE         JULY        AUGUST     SEPTEMBER     OCTOBER      NOVEMBER     DECEMBER
---------------------------------------------------------------------------------------------------------------------------------------------------------------
       R/F %DEP.    R/F %DEP.    R/F %DEP.    R/F %DEP.    R/F %DEP.    R/F %DEP.    R/F %DEP.    R/F %DEP.    R/F %DEP.    R/F %DEP.    R/F %DEP.    R/F %DEP.
---------------------------------------------------------------------------------------------------------------------------------------------------------------

2009   0.0  -100    0.0  -100   31.8   274   29.9   -28  182.2     3  500.7   -48  1669.3   41  616.6   -26  580.5    79  204.9    -8  195.8   137   64.5   256

2010  15.5   384    0.0  -100    4.7   -45   81.5    96  129.5   -27  843.7   -12  1287.0    9  763.6    -9  531.7    64  422.2    90  330.4   300   18.0    -1

2011   0.0  -100    0.8    14    3.1   -52   83.6   110   98.6   -45  1049.0    7  1081.9  -12  959.6    15  525.7    68  272.0    15  149.7    83    0.0  -100

2012   0.0  -100    0.3   -57    1.1   -83  113.0   184   37.4   -79  749.9   -23  680.8   -45  1127.3   35  423.8    35  150.2   -37   90.1    10    0.9   -94

2013   0.7   -63   25.3  3514   32.5   408   33.5   -16  102.5   -43  1228.1   26  1445.5   18  653.5   -22  379.7    21  288.3    22   78.2    -5   16.8     8

===============================================================================================================================================================
