                                                                  


District : DAVANGERE




===============================================================================================================================================================
YEAR   JANUARY      FEBRUARY      MARCH        APRIL         MAY          JUNE         JULY        AUGUST     SEPTEMBER     OCTOBER      NOVEMBER     DECEMBER
---------------------------------------------------------------------------------------------------------------------------------------------------------------
       R/F %DEP.    R/F %DEP.    R/F %DEP.    R/F %DEP.    R/F %DEP.    R/F %DEP.    R/F %DEP.    R/F %DEP.    R/F %DEP.    R/F %DEP.    R/F %DEP.    R/F %DEP.
---------------------------------------------------------------------------------------------------------------------------------------------------------------

2009   0.0  -100    0.0  -100   31.7   693   20.3   -48  130.8    56   99.0    44  137.3    35  160.9    97  220.4    90  117.4     2   39.4    -3   58.2   686

2010  17.7   941    0.0  -100    5.2    30   58.4    64   61.0   -25   77.4    15  130.5    27  193.2   129  139.5    17  142.9    26  218.5   419    0.0  -100

2011   0.0  -100    0.0  -100    0.5   -88   49.9    43   74.7     1   96.3    22   79.9   -22   90.4     4   47.3   -59   92.0   -26    9.7   -78    0.0  -100

2012   0.0  -100    0.0  -100    0.0  -100  122.1   249   21.2   -71   35.7   -55   59.0   -43  118.1    36   65.5   -44   29.1   -77  137.8   207    0.3   -96

2013   0.2   -82    4.5   463   15.6   271   37.2     6  147.0    99  110.7    41  149.1    45  115.5    33  161.9    39   70.6   -43    4.2   -91    0.0  -100

===============================================================================================================================================================
