                                                                  


District : DHARWAD




===============================================================================================================================================================
YEAR   JANUARY      FEBRUARY      MARCH        APRIL         MAY          JUNE         JULY        AUGUST     SEPTEMBER     OCTOBER      NOVEMBER     DECEMBER
---------------------------------------------------------------------------------------------------------------------------------------------------------------
       R/F %DEP.    R/F %DEP.    R/F %DEP.    R/F %DEP.    R/F %DEP.    R/F %DEP.    R/F %DEP.    R/F %DEP.    R/F %DEP.    R/F %DEP.    R/F %DEP.    R/F %DEP.
---------------------------------------------------------------------------------------------------------------------------------------------------------------

2009   0.0  -100    0.0  -100   11.8    51   22.2   -52   48.0   -45  119.3    11  190.1    27   59.2   -41  233.8    94  107.3    -4   55.2    37   43.8   544

2010   8.6   274    1.3   -63    0.7   -91   43.4    -6   76.1   -13   82.9   -23  148.8     0  156.5    55  122.7     2  116.0     3  121.4   200    0.9   -87

2011   0.0  -100    7.7   141    0.3   -96   66.2    42   45.7   -45  153.1    35   94.8   -36  135.9    34   64.2   -46  167.1    39    3.7   -91    0.0  -100

2012   0.0  -100    0.0  -100    0.0  -100   45.8    -2   22.6   -73   50.8   -55   79.1   -47   81.7   -20   72.1   -40   65.3   -46   49.1    24    7.6    23

2013   0.4   -83    4.9    53   11.7    70    8.5   -82  105.5    28   86.2   -24  159.6     7   77.7   -24  160.8    35   69.2   -43    1.8   -95    0.0  -100

===============================================================================================================================================================
