                                                                  


District : HASSAN




===============================================================================================================================================================
YEAR   JANUARY      FEBRUARY      MARCH        APRIL         MAY          JUNE         JULY        AUGUST     SEPTEMBER     OCTOBER      NOVEMBER     DECEMBER
---------------------------------------------------------------------------------------------------------------------------------------------------------------
       R/F %DEP.    R/F %DEP.    R/F %DEP.    R/F %DEP.    R/F %DEP.    R/F %DEP.    R/F %DEP.    R/F %DEP.    R/F %DEP.    R/F %DEP.    R/F %DEP.    R/F %DEP.
---------------------------------------------------------------------------------------------------------------------------------------------------------------

2009   0.0  -100    0.0  -100   23.9    94   50.8   -21   97.3    -9   69.3   -67  314.4   -21  165.4   -34  271.2   119   57.9   -63   56.9    -1   44.1   220

2010  16.6   655    0.0  -100    7.5   -39   94.6    46  128.4    20  106.2   -50  172.0   -57  178.2   -29  168.9    36  206.9    33  211.2   267    1.9   -86

2011   0.0  -100    7.2   188   17.1    60   84.8    54  129.4    27  123.7    -1  133.6   -34  111.6   -14   66.0   -43  187.8    20  100.5    86    2.1   -81

2012   0.0  -100    0.3   -88    1.2   -89  149.6   172   51.5   -50   39.6   -68   81.0   -60  167.6    29   81.7   -29   33.9   -78   48.4   -11    3.6   -67

2013   0.4   -69   15.1   504   30.1   181   37.3   -32   99.2    -3  155.8    25  242.9    19  122.5    -6  171.9    49   82.3   -47   28.1   -48   10.2    -6

===============================================================================================================================================================
