                                                                  


District : KODAGU




===============================================================================================================================================================
YEAR   JANUARY      FEBRUARY      MARCH        APRIL         MAY          JUNE         JULY        AUGUST     SEPTEMBER     OCTOBER      NOVEMBER     DECEMBER
---------------------------------------------------------------------------------------------------------------------------------------------------------------
       R/F %DEP.    R/F %DEP.    R/F %DEP.    R/F %DEP.    R/F %DEP.    R/F %DEP.    R/F %DEP.    R/F %DEP.    R/F %DEP.    R/F %DEP.    R/F %DEP.    R/F %DEP.
---------------------------------------------------------------------------------------------------------------------------------------------------------------

2009   0.0  -100    0.0  -100   88.2   318   46.4   -50   74.3   -50  219.1   -46  1318.1   83  271.3   -35  337.8    96  145.7   -17  161.2   138   82.3   381

2010  12.4   188    0.9   -85   11.5   -45   91.2    -2  109.2   -26  325.1   -20  619.2   -14  398.2    -4  263.9    53  221.8    26  251.6   272   11.1   -35

2011   0.7   -80   22.2   429   13.2   -29  138.5    54  107.5   -30  723.7    33  625.5   -29  497.4    -9  303.0    43  220.3     9   94.8    32    0.2   -99

2012   0.5   -86    2.2   -48    7.2   -61  154.9    72   34.6   -77  273.3   -50  363.7   -59  531.0    -2  238.6    13   98.2   -51   94.9    33    8.6   -51

2013   0.0  -100   22.5   436   84.3   356   20.1   -78  105.6   -31  711.0    31  1169.7   32  488.8   -10  238.9    13  159.7   -21   28.2   -61    2.5   -86

===============================================================================================================================================================
