                                                                  


District : KOLAR




===============================================================================================================================================================
YEAR   JANUARY      FEBRUARY      MARCH        APRIL         MAY          JUNE         JULY        AUGUST     SEPTEMBER     OCTOBER      NOVEMBER     DECEMBER
---------------------------------------------------------------------------------------------------------------------------------------------------------------
       R/F %DEP.    R/F %DEP.    R/F %DEP.    R/F %DEP.    R/F %DEP.    R/F %DEP.    R/F %DEP.    R/F %DEP.    R/F %DEP.    R/F %DEP.    R/F %DEP.    R/F %DEP.
---------------------------------------------------------------------------------------------------------------------------------------------------------------

2009   0.1   -97    0.0  -100    9.9     2   14.4   -49   67.2   -14   78.9    40   18.0   -78  120.6    24  228.8    52   32.6   -78   66.5    12    9.8   -55

2010   0.6   -80    1.0   -78    0.0  -100   67.8   131  139.6    71  147.4   165  143.1    85   76.3   -14  109.7   -25   40.8   -72  178.6   187   16.0   -37

2011   0.0  -100   21.1   369    0.0  -100   88.0   217   69.3    -7   45.2   -29  120.0    57  133.9    47   50.4   -67  146.5    -1   48.6   -17   11.4   -47

2012   0.0  -100    0.0  -100    4.7   -55   65.4   135   81.3     9   35.2   -44  129.7    70  103.8    14   50.0   -67  120.8   -18  101.3    72   25.6    19

2013   0.0  -100   16.5   267    4.9   -53   36.8    32   76.5     3   55.6   -12   56.3   -26   59.6   -35  181.6    20  151.7     2   20.9   -64    3.4   -84

===============================================================================================================================================================
