                                                                  


District : KOPPAL




===============================================================================================================================================================
YEAR   JANUARY      FEBRUARY      MARCH        APRIL         MAY          JUNE         JULY        AUGUST     SEPTEMBER     OCTOBER      NOVEMBER     DECEMBER
---------------------------------------------------------------------------------------------------------------------------------------------------------------
       R/F %DEP.    R/F %DEP.    R/F %DEP.    R/F %DEP.    R/F %DEP.    R/F %DEP.    R/F %DEP.    R/F %DEP.    R/F %DEP.    R/F %DEP.    R/F %DEP.    R/F %DEP.
---------------------------------------------------------------------------------------------------------------------------------------------------------------

2009   0.0  -100    0.0  -100    3.1    35    6.1   -72   74.8    49   61.8   -11   27.8   -64  174.4    99  228.7    53  209.5   122   73.4   198   19.4   185

2010  11.3  1313    0.0  -100    0.0  -100   20.4    -7  101.0   101   70.2     1   94.9    22  288.2   228   72.9   -51   45.6   -52   96.2   291    0.0  -100

2011   0.0  -100    0.0  -100    0.5   -80   33.7    76   56.3    11   52.0   -28  125.6    66  122.4    37   40.7   -72   40.4   -63    2.6   -90    0.0  -100

2012   0.0  -100    0.0  -100    0.0  -100   51.6   169   12.7   -75   22.6   -69   56.9   -25   79.8   -10   58.5   -60   67.7   -37  104.2   304    0.1   -99

2013   0.0  -100    5.0  1150    0.6   -76   13.7   -29   57.8    14   81.3    13   91.5    21   69.4   -22  174.9    20  162.2    50    2.2   -91    0.0  -100

===============================================================================================================================================================
