                                                                  


District : MANDYA




===============================================================================================================================================================
YEAR   JANUARY      FEBRUARY      MARCH        APRIL         MAY          JUNE         JULY        AUGUST     SEPTEMBER     OCTOBER      NOVEMBER     DECEMBER
---------------------------------------------------------------------------------------------------------------------------------------------------------------
       R/F %DEP.    R/F %DEP.    R/F %DEP.    R/F %DEP.    R/F %DEP.    R/F %DEP.    R/F %DEP.    R/F %DEP.    R/F %DEP.    R/F %DEP.    R/F %DEP.    R/F %DEP.
---------------------------------------------------------------------------------------------------------------------------------------------------------------

2009   0.0  -100    0.0  -100    5.5   -47   27.7   -44   64.6   -46   36.6   -20   41.0   -22  157.6   173  216.3    65   55.4   -65   62.4    18   10.4   -38

2010   7.0   233    0.0  -100   10.8     4   94.5    90   88.1   -26   91.2   100   91.6    74  113.8    97   98.6   -25  102.0   -35  183.5   248    2.2   -87

2011   0.0  -100   21.4   494   13.9    83  123.3   172  101.6    -3   18.2   -63   43.1   -13   95.9    63   31.3   -76  192.6    26  118.3   152    0.4   -97

2012   0.2   -89    0.0  -100    0.1   -99  107.1   136   45.5   -57   13.6   -72   25.5   -48   41.9   -29   84.3   -34  132.1   -14   54.7    16    9.0   -36

2013   0.0  -100   15.6   333   10.8    42   58.2    28   91.7   -13   50.0     3   32.8   -33   34.4   -42  173.4    35   95.5   -38   43.8    -7    3.1   -78

===============================================================================================================================================================
