                                                                  


District : RAICHUR




===============================================================================================================================================================
YEAR   JANUARY      FEBRUARY      MARCH        APRIL         MAY          JUNE         JULY        AUGUST     SEPTEMBER     OCTOBER      NOVEMBER     DECEMBER
---------------------------------------------------------------------------------------------------------------------------------------------------------------
       R/F %DEP.    R/F %DEP.    R/F %DEP.    R/F %DEP.    R/F %DEP.    R/F %DEP.    R/F %DEP.    R/F %DEP.    R/F %DEP.    R/F %DEP.    R/F %DEP.    R/F %DEP.
---------------------------------------------------------------------------------------------------------------------------------------------------------------

2009   0.0  -100    0.0  -100    2.7   -45    3.8   -81   45.1    17   67.0   -20   13.4   -88  128.0     9  220.5    35  698.1   553   61.6   164    5.7     2

2010  16.4  1540    0.0  -100    0.0  -100    4.9   -75   23.4   -39  107.4    29  141.6    24  227.0    94  102.4   -37   54.9   -49   37.1    59    2.7   -52

2011   0.0  -100    0.0  -100    0.8   -80   34.0    92   29.0   -28   68.1   -17  103.5    -6  124.4     2   44.7   -70   37.2   -66    1.1   -95    0.0  -100

2012   0.0  -100    0.0  -100    0.0  -100   31.2    76    9.3   -77   24.9   -70   87.3   -21   77.1   -37   89.9   -39   45.2   -59   46.9   119    0.1   -98

2013   0.0  -100   14.3   615    0.0  -100   19.8    12   53.7    33  105.8    29  125.1    14   90.2   -26  220.7    50  123.6    12    3.9   -82    0.0  -100

===============================================================================================================================================================
