                                                                  


District : SHIMOGA




===============================================================================================================================================================
YEAR   JANUARY      FEBRUARY      MARCH        APRIL         MAY          JUNE         JULY        AUGUST     SEPTEMBER     OCTOBER      NOVEMBER     DECEMBER
---------------------------------------------------------------------------------------------------------------------------------------------------------------
       R/F %DEP.    R/F %DEP.    R/F %DEP.    R/F %DEP.    R/F %DEP.    R/F %DEP.    R/F %DEP.    R/F %DEP.    R/F %DEP.    R/F %DEP.    R/F %DEP.    R/F %DEP.
---------------------------------------------------------------------------------------------------------------------------------------------------------------

2009   0.0  -100    0.0  -100   31.0   520   18.2   -44  103.5    25  195.2   -47  1323.5   90  213.9   -51  352.1   143  181.4    53   84.9   126   19.2   231

2010  17.1  2038    0.0  -100    1.8   -65   60.1    76   87.2     5  383.0    -5  706.4    -7  502.1     6  359.6   146  182.2    53  176.9   385    2.3   -61

2011   0.0  -100    2.0   400    1.6   -75   55.1    45   42.1   -46  549.0    58  659.8     6  522.1    29  365.2   163  149.3     9   47.6     7    0.0  -100

2012   0.0  -100    0.0  -100    1.0   -84  112.5   196   20.1   -74  284.8   -18  466.1   -25  664.4    65  223.4    61   54.6   -60   85.3    91    0.8   -90

2013   3.6   620   18.8  4600    6.4     2   33.8   -11   77.7    -1  527.4    52  1239.4   99  476.4    18  222.2    60  136.0    -1   13.5   -70    1.2   -86

===============================================================================================================================================================
