                                                                  


District : TUMKUR




===============================================================================================================================================================
YEAR   JANUARY      FEBRUARY      MARCH        APRIL         MAY          JUNE         JULY        AUGUST     SEPTEMBER     OCTOBER      NOVEMBER     DECEMBER
---------------------------------------------------------------------------------------------------------------------------------------------------------------
       R/F %DEP.    R/F %DEP.    R/F %DEP.    R/F %DEP.    R/F %DEP.    R/F %DEP.    R/F %DEP.    R/F %DEP.    R/F %DEP.    R/F %DEP.    R/F %DEP.    R/F %DEP.
---------------------------------------------------------------------------------------------------------------------------------------------------------------

2009   0.3   -82    0.0  -100   27.1   266   23.8   -23  117.5    28   81.4    37   42.9   -42  142.0    80  220.9    55   68.6   -53   45.6    -5    3.5   -67

2010   6.6   288    0.0  -100    6.3   -15   79.8   157  114.9    25   74.6    26  127.6    73  164.5   109  109.8   -23  118.0   -19  179.5   274    0.1   -99

2011   0.0  -100    2.7   -10    1.7   -76   91.2   168  103.1    18   56.8    -8   65.3    -6   86.9     9   41.5   -72  133.7   -10   31.4   -33    1.6   -84

2012   0.0  -100    0.0  -100    3.1   -56  117.5   246   37.7   -57   17.2   -72   40.6   -42  146.3    84   72.1   -51   38.0   -74   85.7    84    1.7   -83

2013   0.0  -100    5.8    93    3.0   -58   22.5   -34   84.9    -3   59.8    -3   41.8   -40   58.9   -26  253.5    71   95.4   -36   28.3   -39    0.3   -97

===============================================================================================================================================================
