                                                                  


District : UDUPI




===============================================================================================================================================================
YEAR   JANUARY      FEBRUARY      MARCH        APRIL         MAY          JUNE         JULY        AUGUST     SEPTEMBER     OCTOBER      NOVEMBER     DECEMBER
---------------------------------------------------------------------------------------------------------------------------------------------------------------
       R/F %DEP.    R/F %DEP.    R/F %DEP.    R/F %DEP.    R/F %DEP.    R/F %DEP.    R/F %DEP.    R/F %DEP.    R/F %DEP.    R/F %DEP.    R/F %DEP.    R/F %DEP.
---------------------------------------------------------------------------------------------------------------------------------------------------------------

2009   0.0  -100    0.0  -100   27.6   431   13.9   -59  103.3   -44  659.3   -40  2281.5   63  713.6   -23  743.0    76  318.4    40  163.0    90   27.6    53

2010  14.6   441    0.0  -100    0.0  -100   65.6    96   86.1   -53  989.6   -10  1515.4    8  911.0    -1  633.0    50  492.1   116  221.7   159   21.0    17

2011   0.0  -100    0.0  -100    0.0  -100   40.2    37   35.3   -82  1443.5   34  1517.0   11  1157.8   28  811.3   100  205.2    -8  126.1    69    0.6   -97

2012   0.0  -100    0.0  -100    0.0  -100   49.6    69   21.2   -89  1103.3    2  945.1   -31  1570.4   74  525.8    30  135.1   -40  101.9    37    0.0  -100

2013   4.3   207   12.8  3100    4.0    -2   36.2    23  130.7   -33  1339.7   24  1711.0   25  848.5    -6  416.6     3  292.1    31   53.5   -28    3.1   -84

===============================================================================================================================================================
