                                                                  


District : UTTAR KANNADA




===============================================================================================================================================================
YEAR   JANUARY      FEBRUARY      MARCH        APRIL         MAY          JUNE         JULY        AUGUST     SEPTEMBER     OCTOBER      NOVEMBER     DECEMBER
---------------------------------------------------------------------------------------------------------------------------------------------------------------
       R/F %DEP.    R/F %DEP.    R/F %DEP.    R/F %DEP.    R/F %DEP.    R/F %DEP.    R/F %DEP.    R/F %DEP.    R/F %DEP.    R/F %DEP.    R/F %DEP.    R/F %DEP.
---------------------------------------------------------------------------------------------------------------------------------------------------------------

2009   0.0  -100    0.0  -100   27.6  1353   16.4   -12   83.1   -32  428.0   -47  1412.6   27  365.7   -46  503.2    80  267.1    90  113.0   122   12.6    25

2010   8.9  2125    0.0  -100    1.7   -11   48.9   161   74.4   -39  625.0   -22  1206.2    8  555.2   -18  497.0    78  261.8    86  195.0   283    6.3   -38

2011   0.0  -100    0.5   400    0.0  -100   65.3   195   24.6   -78  948.3    28  1062.5    1  880.6    32  557.6   116  109.2   -30   45.0     2    0.0  -100

2012   0.0  -100    0.0  -100    0.2   -93   55.0   149    6.8   -94  675.2    -9  790.8   -25  955.9    43  346.8    34  144.1    -7   59.3    34    0.8   -93

2013   4.5  1400   12.4 12300    1.6   -41   12.0   -46   73.3   -36  854.8    15  1518.1   44  611.8    -8  350.1    35  195.7    26   14.3   -68    0.6   -95

===============================================================================================================================================================
