                                                                  


District : NORTH GOA



===============================================================================================================================================================
YEAR   JANUARY      FEBRUARY      MARCH        APRIL         MAY          JUNE         JULY        AUGUST     SEPTEMBER     OCTOBER      NOVEMBER     DECEMBER
---------------------------------------------------------------------------------------------------------------------------------------------------------------
       R/F %DEP.    R/F %DEP.    R/F %DEP.    R/F %DEP.    R/F %DEP.    R/F %DEP.    R/F %DEP.    R/F %DEP.    R/F %DEP.    R/F %DEP.    R/F %DEP.    R/F %DEP.
---------------------------------------------------------------------------------------------------------------------------------------------------------------

2009   0.0  -100    0.0  -100    0.0  -100    0.5   -94    4.0   -95  649.2   -28  1381.8   36  347.5   -39  436.1    53  354.7   177  155.2   312    0.0  -100

2010  10.4   845    0.0  -100    0.0  -100    7.7   -13   60.2   -27  828.3   -11  1291.1   20  811.9    36  497.9    66  312.3   134  185.9   431   12.6    66

2011   0.0  -100    0.0   0      0.0  -100   13.6    51    5.4   -94  1084.1   14  1119.5   -5  889.7    22  524.6    79   88.6   -47   13.4   -62    0.0  -100

2012   0.0  -100    0.0  -100    0.0  -100    0.1   -99    0.6   -99  1101.0   16  901.5   -24  821.8    13  333.0    14  118.3   -29    5.0   -86    0.0  -100

2013   0.0  -100   15.7 157000   0.0  -100    0.0  -100   70.5   -25  896.3    -6  1735.8   47  553.3   -24  335.1    15  189.4    14    7.9   -77    0.0  -100

===============================================================================================================================================================
