                                                                  


District : BANKURA



===============================================================================================================================================================
YEAR   JANUARY      FEBRUARY      MARCH        APRIL         MAY          JUNE         JULY        AUGUST     SEPTEMBER     OCTOBER      NOVEMBER     DECEMBER
---------------------------------------------------------------------------------------------------------------------------------------------------------------
       R/F %DEP.    R/F %DEP.    R/F %DEP.    R/F %DEP.    R/F %DEP.    R/F %DEP.    R/F %DEP.    R/F %DEP.    R/F %DEP.    R/F %DEP.    R/F %DEP.    R/F %DEP.
---------------------------------------------------------------------------------------------------------------------------------------------------------------

2009   4.8   -61    0.0  -100   27.9     0    0.7   -98  196.7   175   56.8   -74  307.3    -1  325.9    10  311.7    26   55.2   -48   13.1   -17    0.0  -100

2010   4.8   -61   33.9   102   31.0    41   31.4   -23  118.4    62  188.6    -9  180.7   -42  135.7   -56  199.5   -13   71.4   -32    7.4   -41   37.8  1012

2011   5.1   -58    0.7   -96   33.7    53  122.3   237  146.3   119  544.1   153  183.6   -39  394.3    36  416.7    72   30.0   -71    3.8   -61    0.0  -100

2012  43.9   266   16.4    -9    7.9   -64   85.9   137   44.6   -33  173.2   -19  301.4    -1  345.8    19  242.7     0   35.9   -66   38.0   288   15.0    58

2013   0.9   -93   15.0   -17   22.9     4   72.6   100  342.4   412  369.7    72  289.8    -4  368.4    27  260.8     8  398.0   278    0.0  -100    0.0  -100

===============================================================================================================================================================
