                                                                  


District : BIRBHUM



===============================================================================================================================================================
YEAR   JANUARY      FEBRUARY      MARCH        APRIL         MAY          JUNE         JULY        AUGUST     SEPTEMBER     OCTOBER      NOVEMBER     DECEMBER
---------------------------------------------------------------------------------------------------------------------------------------------------------------
       R/F %DEP.    R/F %DEP.    R/F %DEP.    R/F %DEP.    R/F %DEP.    R/F %DEP.    R/F %DEP.    R/F %DEP.    R/F %DEP.    R/F %DEP.    R/F %DEP.    R/F %DEP.
---------------------------------------------------------------------------------------------------------------------------------------------------------------

2009   1.8   -85    9.0   -54    7.8   -70    0.0  -100  231.3   146   75.9   -67  231.3   -24  303.7     4  282.6     9   93.2   -16    2.0   -86    0.0  -100

2010   1.8   -85   12.3   -37    9.2   -65   25.9   -37   66.2   -30  214.7    -6  224.3   -27  121.7   -59  221.6   -14   67.6   -39    8.8   -39   49.8   759

2011   8.1   -40    1.8   -89   36.3    71   62.8   103   82.5     5  411.4    85  195.9   -38  490.4    64  233.6   -14   20.7   -80    0.5   -97    0.0  -100

2012  17.2    28    5.5   -66    7.7   -64   29.9    -3   46.9   -40  122.9   -45  324.5     3  197.4   -34  139.2   -49   84.6   -20   71.0   349    6.0     7

2013   1.8   -87   14.5   -10    0.9   -96   46.2    50  152.3    94  164.9   -26  170.6   -46  345.7    16  149.9   -45  327.5   212    0.0  -100    0.0  -100

===============================================================================================================================================================
