                                                                  


District : BURDWAN



===============================================================================================================================================================
YEAR   JANUARY      FEBRUARY      MARCH        APRIL         MAY          JUNE         JULY        AUGUST     SEPTEMBER     OCTOBER      NOVEMBER     DECEMBER
---------------------------------------------------------------------------------------------------------------------------------------------------------------
       R/F %DEP.    R/F %DEP.    R/F %DEP.    R/F %DEP.    R/F %DEP.    R/F %DEP.    R/F %DEP.    R/F %DEP.    R/F %DEP.    R/F %DEP.    R/F %DEP.    R/F %DEP.
---------------------------------------------------------------------------------------------------------------------------------------------------------------

2009   0.0  -100    0.0  -100   21.3     3    0.3   -99  228.8   213   48.6   -79  254.4   -22  371.3    22  302.7    26   69.0   -36    0.2   -98    0.0  -100

2010   0.0  -100    8.2   -51   10.0   -51   13.1   -65  110.0    51  223.2    -3  190.8   -41  122.8   -60  209.1   -13   49.9   -54    8.3   -25   43.8  1313

2011   0.0  -100    0.7   -97   27.1    37   55.4    47  116.8    48  417.0   110  259.5   -12  348.8    22  240.3    -4   51.4   -48    0.6   -95    0.0  -100

2012  31.1   191    7.8   -65    3.2   -84   63.3    67   39.4   -50  133.9   -32  424.5    44  277.9    -3  194.6   -23   57.2   -43   37.5   229    6.2     3

2013   6.8   -36   17.5   -21    4.6   -77   41.5    10  175.1   122  210.2     6  145.5   -51  341.1    20  250.7     0  342.5   243    0.0  -100    0.0  -100

===============================================================================================================================================================
