                                                                  


District : DARJEELING



===============================================================================================================================================================
YEAR   JANUARY      FEBRUARY      MARCH        APRIL         MAY          JUNE         JULY        AUGUST     SEPTEMBER     OCTOBER      NOVEMBER     DECEMBER
---------------------------------------------------------------------------------------------------------------------------------------------------------------
       R/F %DEP.    R/F %DEP.    R/F %DEP.    R/F %DEP.    R/F %DEP.    R/F %DEP.    R/F %DEP.    R/F %DEP.    R/F %DEP.    R/F %DEP.    R/F %DEP.    R/F %DEP.
---------------------------------------------------------------------------------------------------------------------------------------------------------------

2009   0.0  -100    0.0  -100   12.9   -68  147.0    78  398.4   112  350.4   -31  765.2     0  759.8    37  265.8   -37  307.3   145    0.5   -95    1.8   -50

2010   0.0  -100    3.4   -76    6.8   -83   73.3   -11  304.3    62  635.5    25  981.4    28  913.7    64  468.7    10  136.3     9   15.2    54    0.0  -100

2011   3.7   -92    8.2   -76   20.2   -65   98.7   -24  233.0   -11  620.2    16  1070.3   41  644.6     0  589.0    17   30.0   -75   16.4    -2    4.2   -58

2012   7.2   -85    2.8   -92    2.2   -96  141.7     9  152.4   -42  627.5    17  902.1    19  478.8   -26  587.8    17   67.0   -44    0.0  -100    0.0  -100

2013   7.3   -85   24.5   -28   28.5   -51   83.6   -36  441.6    68  540.7     1  727.1    -4  537.0   -17  348.2   -31  224.6    89    6.0   -64    1.4   -86

===============================================================================================================================================================
