                                                                  


District : EAST MIDNAPORE



===============================================================================================================================================================
YEAR   JANUARY      FEBRUARY      MARCH        APRIL         MAY          JUNE         JULY        AUGUST     SEPTEMBER     OCTOBER      NOVEMBER     DECEMBER
---------------------------------------------------------------------------------------------------------------------------------------------------------------
       R/F %DEP.    R/F %DEP.    R/F %DEP.    R/F %DEP.    R/F %DEP.    R/F %DEP.    R/F %DEP.    R/F %DEP.    R/F %DEP.    R/F %DEP.    R/F %DEP.    R/F %DEP.
---------------------------------------------------------------------------------------------------------------------------------------------------------------

2009   0.1   -99    0.0  -100   17.5   -49    4.3   -91  308.3   185   65.7   -73  280.5    -9  284.7   -15  255.4   -18   88.3   -45   15.6   -53    0.3   -96

2010   0.1   -99    9.0   -57    3.4   -89    0.0  -100   95.2   -12  180.1   -32  286.3   -13  372.0     5  282.7   -17  158.1   -10    6.9   -79   19.0   206

2011   3.7   -77    7.4   -60   21.5   -32   60.2    73  132.5    23  270.7     7  294.9     4  372.4    10  297.0   -13   28.2   -86    2.3   -93    0.0  -100

2012  62.8   295    1.2   -94    0.1  -100   34.7     0   44.1   -59  109.2   -57  277.2    -3  276.2   -18  462.7    35   61.6   -69   25.3   -26   34.4   270

2013   1.0   -94    5.2   -72    3.1   -90   34.8     0  200.3    85  205.9   -19  286.4     1  544.8    61  392.7    14  479.1   143    0.0  -100    0.0  -100

===============================================================================================================================================================
