                                                                  


District : HOWRAH



===============================================================================================================================================================
YEAR   JANUARY      FEBRUARY      MARCH        APRIL         MAY          JUNE         JULY        AUGUST     SEPTEMBER     OCTOBER      NOVEMBER     DECEMBER
---------------------------------------------------------------------------------------------------------------------------------------------------------------
       R/F %DEP.    R/F %DEP.    R/F %DEP.    R/F %DEP.    R/F %DEP.    R/F %DEP.    R/F %DEP.    R/F %DEP.    R/F %DEP.    R/F %DEP.    R/F %DEP.    R/F %DEP.
---------------------------------------------------------------------------------------------------------------------------------------------------------------

2009   0.0  -100    0.0  -100    4.0   -88    0.0  -100  328.0   179   43.9   -82  371.3    10  195.7   -44  298.6     1   65.8   -34    0.0  -100    0.0  -100

2010   0.0  -100   11.0   -44    0.0  -100    2.2   -96  106.8   -13  175.3   -35  212.8   -36  350.6    -2  204.3   -28  160.1    37    3.0   -92   18.8   121

2011   4.9   -60    5.3   -79   29.2    -9   38.0   -28  127.3     1  292.8    26  255.9   -25  433.7    32  251.5   -18   23.9   -76    0.0  -100    0.0  -100

2012  81.0   564   14.5   -42    0.0  -100   34.4   -35   18.3   -86  226.5    -3  240.8   -30  155.2   -53  256.7   -16  111.9    13   26.3   -16   40.3   299

2013   5.8   -52    9.6   -61    9.9   -69   40.2   -24   99.4   -21  228.1    -2  310.2   -10  550.0    67  249.1   -18  352.6   256    0.0  -100    0.0  -100

===============================================================================================================================================================
