                                                                  


District : MALDA



===============================================================================================================================================================
YEAR   JANUARY      FEBRUARY      MARCH        APRIL         MAY          JUNE         JULY        AUGUST     SEPTEMBER     OCTOBER      NOVEMBER     DECEMBER
---------------------------------------------------------------------------------------------------------------------------------------------------------------
       R/F %DEP.    R/F %DEP.    R/F %DEP.    R/F %DEP.    R/F %DEP.    R/F %DEP.    R/F %DEP.    R/F %DEP.    R/F %DEP.    R/F %DEP.    R/F %DEP.    R/F %DEP.
---------------------------------------------------------------------------------------------------------------------------------------------------------------

2009   1.1   -91    6.8   -41    0.3   -98    0.0  -100  296.7   184   29.9   -86  262.1   -20  320.1    21  135.7   -43  268.5   130    3.8   -67    0.0  -100

2010   1.1   -91    2.2   -81    0.1   -99   37.8     2  184.4    77  218.3     3  212.9   -35  203.8   -23  220.3    -7   91.9   -21   11.1    -4    5.9    37

2011   0.4   -97    4.6   -56    3.9   -73   23.8   -32  127.4    20  331.5    53  242.6   -27  435.7    53  202.8   -28   22.4   -78    0.1   -99    0.0  -100

2012   9.3   -32    0.0  -100    3.3   -77   47.8    37   23.0   -78  120.1   -45  276.8   -17  112.1   -61  167.5   -41   85.7   -16   45.7   246    0.0  -100

2013   0.0  -100   15.0    43    1.3   -91   42.8    23   65.9   -38  230.3     6  160.3   -52  354.6    25  144.2   -49  221.8   116    1.4   -89    0.0  -100

===============================================================================================================================================================
