                                                                  


District : MURSHIDABAD



===============================================================================================================================================================
YEAR   JANUARY      FEBRUARY      MARCH        APRIL         MAY          JUNE         JULY        AUGUST     SEPTEMBER     OCTOBER      NOVEMBER     DECEMBER
---------------------------------------------------------------------------------------------------------------------------------------------------------------
       R/F %DEP.    R/F %DEP.    R/F %DEP.    R/F %DEP.    R/F %DEP.    R/F %DEP.    R/F %DEP.    R/F %DEP.    R/F %DEP.    R/F %DEP.    R/F %DEP.    R/F %DEP.
---------------------------------------------------------------------------------------------------------------------------------------------------------------

2009   0.2   -99    0.0  -100   24.4    28    0.0  -100  176.6    75   73.8   -67  185.5   -43  358.5    37  381.6    67  150.7    21    0.0  -100    0.0  -100

2010   0.2   -99    0.1   -99    0.0  -100    0.0  -100   88.0   -13  263.5    18  100.9   -69  171.3   -35  174.4   -24   89.9   -28    2.0   -87   50.4  1838

2011   4.7   -72    1.3   -88   53.0   179  155.0   356  117.4    35  516.9   118  246.0   -25  397.4    55  224.1   -13   25.3   -80    0.2   -98    0.0  -100

2012  15.7    -7    0.5   -96   10.1   -47   56.4    66   35.0   -60  103.5   -56  292.9   -11  110.3   -57  173.9   -32  109.1   -14   68.0   518    4.1   -37

2013   0.0  -100    1.0   -91    0.5   -97   33.6    -1  192.7   121  174.5   -27  115.4   -65  311.3    21  195.2   -24  204.0    62    0.0  -100    0.0  -100

===============================================================================================================================================================
