                                                                  


District : NADIA



===============================================================================================================================================================
YEAR   JANUARY      FEBRUARY      MARCH        APRIL         MAY          JUNE         JULY        AUGUST     SEPTEMBER     OCTOBER      NOVEMBER     DECEMBER
---------------------------------------------------------------------------------------------------------------------------------------------------------------
       R/F %DEP.    R/F %DEP.    R/F %DEP.    R/F %DEP.    R/F %DEP.    R/F %DEP.    R/F %DEP.    R/F %DEP.    R/F %DEP.    R/F %DEP.    R/F %DEP.    R/F %DEP.
---------------------------------------------------------------------------------------------------------------------------------------------------------------

2009   0.0  -100    0.0  -100   33.3    47    0.4   -99  249.5   160   87.7   -61  234.2    -4  506.8   120  303.9    64   59.9   -46   20.6    48    0.2   -95

2010   0.0  -100   14.5    -6    0.0  -100   29.4   -47   94.2    -2  173.4   -22  106.9   -56   87.9   -62  180.6    -3  110.1    -1    6.8   -51   42.4   934

2011   0.0  -100    0.4   -98   35.8    70   99.2   136  122.1    28  324.8    39  238.2   -12  362.6    54  197.3    -8   29.6   -70    3.4   -67    0.0  -100

2012  19.7    61    0.4   -98    0.4   -98   27.2   -35   74.3   -22   95.6   -59  206.8   -24  162.7   -31  161.8   -24   71.6   -29   37.8   263    3.7   -53

2013   6.3   -48    9.1   -48    1.5   -93   39.3    -7  149.7    57  188.1   -20  181.1   -33  327.0    39  160.7   -25  224.8   124    0.0  -100    0.2   -97

===============================================================================================================================================================
