                                                                  


District : NORTH 24 PARGANAS



===============================================================================================================================================================
YEAR   JANUARY      FEBRUARY      MARCH        APRIL         MAY          JUNE         JULY        AUGUST     SEPTEMBER     OCTOBER      NOVEMBER     DECEMBER
---------------------------------------------------------------------------------------------------------------------------------------------------------------
       R/F %DEP.    R/F %DEP.    R/F %DEP.    R/F %DEP.    R/F %DEP.    R/F %DEP.    R/F %DEP.    R/F %DEP.    R/F %DEP.    R/F %DEP.    R/F %DEP.    R/F %DEP.
---------------------------------------------------------------------------------------------------------------------------------------------------------------

2009  15.4    -1    5.6   -71   30.7    19    0.0  -100  214.3   102  113.0   -61  175.2   -46  301.2   -10  300.5     0   67.7   -52   23.0    -5    0.0  -100

2010  15.4    -1   10.4   -46    5.3   -78   24.8   -57  151.8    35  220.1   -23  217.0   -36  213.7   -36  202.6   -28  167.9    34    4.9   -84   20.4   308

2011   0.0  -100    0.3   -98   45.9    51   46.2   -10  144.6    28  375.9    38  408.3    29  545.3    79  308.5    10   40.3   -69    0.0  -100    0.0  -100

2012  43.3   178   15.6   -12    0.0  -100   98.5    91   87.2   -23  147.6   -46  248.7   -22  211.8   -30  254.2    -9  115.2   -12   55.5   155   14.0   146

2013   4.3   -72   10.1   -43   18.2   -40   57.6    12  214.9    90  350.3    29  282.5   -11  373.7    23  178.8   -36  337.4   158    0.0  -100    0.0  -100

===============================================================================================================================================================
