                                                                  


District : PURULIA



===============================================================================================================================================================
YEAR   JANUARY      FEBRUARY      MARCH        APRIL         MAY          JUNE         JULY        AUGUST     SEPTEMBER     OCTOBER      NOVEMBER     DECEMBER
---------------------------------------------------------------------------------------------------------------------------------------------------------------
       R/F %DEP.    R/F %DEP.    R/F %DEP.    R/F %DEP.    R/F %DEP.    R/F %DEP.    R/F %DEP.    R/F %DEP.    R/F %DEP.    R/F %DEP.    R/F %DEP.    R/F %DEP.
---------------------------------------------------------------------------------------------------------------------------------------------------------------

2009   8.9   -24    0.0  -100   11.1   -53    1.3   -96  113.2   107   55.4   -75  293.7     0  337.4     8  262.5     3   72.7   -14    9.6   -27    0.0  -100

2010   8.9   -24   30.1    51    5.7   -72   12.0   -60   87.7    82  101.6   -47  139.7   -52  218.0   -25  175.2   -30   59.0   -29   10.5   -22   52.9  1330

2011   1.2   -92    0.2   -99   44.2    80   74.6   107   98.0    71  523.0   135  221.8   -26  404.6    32  375.4    41   20.3   -78    0.0  -100    0.0  -100

2012  38.2   167   25.7    24    6.3   -74   75.0   108   37.6   -34  145.9   -34  329.0    10  316.9     3  319.0    20   38.1   -58   52.3   213   16.9   122

2013   0.7   -95   13.8   -33    6.7   -73   47.1    30  294.1   413  200.9   -10  246.6   -17  302.8    -1  233.8   -12  434.6   375    0.0  -100    0.0  -100

===============================================================================================================================================================
