                                                                  


District : SOUTH DINAJPUR



===============================================================================================================================================================
YEAR   JANUARY      FEBRUARY      MARCH        APRIL         MAY          JUNE         JULY        AUGUST     SEPTEMBER     OCTOBER      NOVEMBER     DECEMBER
---------------------------------------------------------------------------------------------------------------------------------------------------------------
       R/F %DEP.    R/F %DEP.    R/F %DEP.    R/F %DEP.    R/F %DEP.    R/F %DEP.    R/F %DEP.    R/F %DEP.    R/F %DEP.    R/F %DEP.    R/F %DEP.    R/F %DEP.
---------------------------------------------------------------------------------------------------------------------------------------------------------------

2009   0.0  -100    0.0  -100    0.0  -100    0.0  -100   59.4   -64   42.7   -86  314.3   -17  376.4    55   14.7   -95  175.0    32    0.0  -100    0.0  -100

2010   0.0  -100    0.0  -100    0.0  -100   84.9    36  120.5   -26  384.4    29  139.4   -63  335.7    38  192.0   -29  119.3   -10   16.2    31    0.6   -88

2011   0.0  -100    9.3   -30   32.7    72  166.7   183  192.0    14  324.7    12  176.2   -52  333.7    35  249.0   -11    3.7   -97    1.1   -92    0.0  -100

2012   8.0   -10    0.0  -100    0.0  -100   27.9   -53  138.7   -17  353.4    22  371.1     1  206.7   -17  233.8   -16   64.9   -42    2.2   -83    0.4   -93

2013   0.0  -100    9.0   -32    0.0  -100   81.1    38   83.8   -50  202.7   -30  176.6   -52  278.8    12  149.8   -46  188.6    68    0.0  -100    0.0  -100

===============================================================================================================================================================
