                                                                  


District : SOUTH 24 PARGANAS



===============================================================================================================================================================
YEAR   JANUARY      FEBRUARY      MARCH        APRIL         MAY          JUNE         JULY        AUGUST     SEPTEMBER     OCTOBER      NOVEMBER     DECEMBER
---------------------------------------------------------------------------------------------------------------------------------------------------------------
       R/F %DEP.    R/F %DEP.    R/F %DEP.    R/F %DEP.    R/F %DEP.    R/F %DEP.    R/F %DEP.    R/F %DEP.    R/F %DEP.    R/F %DEP.    R/F %DEP.    R/F %DEP.
---------------------------------------------------------------------------------------------------------------------------------------------------------------

2009   0.0  -100    0.0  -100   20.7   -33    6.0   -88  235.1   125   78.3   -71  409.6    15  318.2   -12  315.7    -1   87.7   -51   31.5   -14    0.0  -100

2010   0.0  -100    6.7   -68    1.4   -95   11.3   -75  150.8    66  251.2   -13  246.7   -36  253.4   -32  222.4   -30  148.3   -22    3.4   -92   14.1    74

2011   0.1   -99    3.3   -88   29.2   -23  139.7   235   94.0   -25  419.4    33  202.5   -56  567.3    36  267.6   -25   42.3   -81    0.0  -100    0.0  -100

2012  44.8   229   18.1   -32    5.5   -85   42.8     3   42.8   -66  139.7   -56  345.4   -25  327.8   -21  317.5   -11   67.3   -69   38.9   -38   34.2   253

2013   2.8   -79    6.8   -75    3.1   -92   46.7    12  202.7    62  354.1    12  363.3   -22  619.6    49  312.2   -13  388.7    78    0.1   -99    0.0  -100

===============================================================================================================================================================
