                                                                  


District : ALAPUZHA




===============================================================================================================================================================
YEAR   JANUARY      FEBRUARY      MARCH        APRIL         MAY          JUNE         JULY        AUGUST     SEPTEMBER     OCTOBER      NOVEMBER     DECEMBER
---------------------------------------------------------------------------------------------------------------------------------------------------------------
       R/F %DEP.    R/F %DEP.    R/F %DEP.    R/F %DEP.    R/F %DEP.    R/F %DEP.    R/F %DEP.    R/F %DEP.    R/F %DEP.    R/F %DEP.    R/F %DEP.    R/F %DEP.
---------------------------------------------------------------------------------------------------------------------------------------------------------------

2009   1.7   -91    4.4   -85   45.3   -20  131.9    -8  256.4   -22  559.8   -11  503.3    -9  164.0   -55  250.3   -13  210.9   -36  318.5    60   54.6    -7

2010  16.6   -15    2.2   -93   92.7    63  161.6    13  322.0    -2  529.3   -16  474.6   -14  255.9   -30  242.3   -16  555.1    68  309.3    55   96.8    65

2011  30.5    74   48.0    72   35.7   -21  183.5    37  251.0   -16  554.3    -7  377.0   -29  294.0   -14  359.4    30  160.3   -52  136.6   -27  169.8   229

2012  44.1   152   19.9   -29   60.7    35  210.1    57  159.5   -47  215.7   -64  271.5   -49  407.1    19  195.4   -29  151.0   -55  105.2   -44    5.5   -89

2013  24.0    37   88.4   217   49.8    10   40.3   -70  137.4   -54  935.9    58  637.6    20  245.3   -29  292.1     6  186.4   -44  171.5    -9   15.2   -71

===============================================================================================================================================================
