                                                                  


District : ERNAKULAM




===============================================================================================================================================================
YEAR   JANUARY      FEBRUARY      MARCH        APRIL         MAY          JUNE         JULY        AUGUST     SEPTEMBER     OCTOBER      NOVEMBER     DECEMBER
---------------------------------------------------------------------------------------------------------------------------------------------------------------
       R/F %DEP.    R/F %DEP.    R/F %DEP.    R/F %DEP.    R/F %DEP.    R/F %DEP.    R/F %DEP.    R/F %DEP.    R/F %DEP.    R/F %DEP.    R/F %DEP.    R/F %DEP.
---------------------------------------------------------------------------------------------------------------------------------------------------------------

2009  10.4   -51    0.0  -100   45.8    -7   89.5   -41  315.7   -11  615.1   -19  838.8    10  312.2   -39  497.4    60  176.6   -51  290.0    42   70.1    17

2010   9.8   -54    0.0  -100   30.5   -38  233.8    53  239.9   -32  849.9    11  690.5    -9  356.5   -30  456.9    47  624.7    74  517.5   154   63.2     6

2011  26.3    99   98.2   422   37.3    20  147.1    31  241.0   -20  897.5    29  605.4   -10  605.5    51  527.8    78  156.5   -48  123.8   -15   34.3   -23

2012   7.1   -46   18.0    -4   43.0    38  401.8   259  100.9   -66  414.1   -41  370.9   -45  494.7    23  274.6    -8  299.4     0  176.0    21    9.7   -78

2013   6.3   -52   65.3   247   48.8    56   37.8   -66  151.0   -50  1258.7   81  826.5    23  374.7    -7  314.2     6  318.7     6  211.0    46   45.2     2

===============================================================================================================================================================
