                                                                  


District : IDUKKI




===============================================================================================================================================================
YEAR   JANUARY      FEBRUARY      MARCH        APRIL         MAY          JUNE         JULY        AUGUST     SEPTEMBER     OCTOBER      NOVEMBER     DECEMBER
---------------------------------------------------------------------------------------------------------------------------------------------------------------
       R/F %DEP.    R/F %DEP.    R/F %DEP.    R/F %DEP.    R/F %DEP.    R/F %DEP.    R/F %DEP.    R/F %DEP.    R/F %DEP.    R/F %DEP.    R/F %DEP.    R/F %DEP.
---------------------------------------------------------------------------------------------------------------------------------------------------------------

2009  10.1   -40    0.3   -99  102.7    94   42.9   -73  226.7   -23  443.2   -40  983.4    11  335.8   -44  533.0    47  296.1   -23  236.1    20  107.2    85

2010  12.5   -26    0.0  -100   41.3   -22  160.4     2  182.9   -38  786.5     7  777.3   -12  543.6   -10  306.1   -16  427.9    12  305.6    55   24.5   -58

2011  43.7   226   40.5    83   17.4   -60  272.0    81   80.9   -65  869.7    33  676.1   -14  709.9    35  382.3    24  372.3     8  172.4     0   46.0    -4

2012   8.8   -34    2.6   -88   47.2     8  277.0    84  106.4   -54  423.9   -35  501.0   -36  606.1    15  273.1   -11  202.4   -41  147.7   -15    5.3   -89

2013   0.3   -98   15.1   -32   51.7    19  109.9   -27   95.5   -59  1123.1   72  1026.1   30  688.7    31  507.3    64  229.9   -33  199.2    15   13.6   -72

===============================================================================================================================================================
