                                                                  


District : KOLLAM




===============================================================================================================================================================
YEAR   JANUARY      FEBRUARY      MARCH        APRIL         MAY          JUNE         JULY        AUGUST     SEPTEMBER     OCTOBER      NOVEMBER     DECEMBER
---------------------------------------------------------------------------------------------------------------------------------------------------------------
       R/F %DEP.    R/F %DEP.    R/F %DEP.    R/F %DEP.    R/F %DEP.    R/F %DEP.    R/F %DEP.    R/F %DEP.    R/F %DEP.    R/F %DEP.    R/F %DEP.    R/F %DEP.
---------------------------------------------------------------------------------------------------------------------------------------------------------------

2009   2.2   -84    3.0   -90  105.7    71  121.9   -27  136.4   -52  272.3   -44  369.7    -8  185.5   -29  272.6    20  325.9     4  317.0    55   15.7   -64

2010  11.5   -18    0.0  -100   59.1    -4  221.1    32  203.5   -28  357.0   -27  362.3   -10  304.8    17  258.3    14  527.8    68  388.4    90   95.0   118

2011  57.1   226   98.6   193   46.7   -25  177.4    12  148.0   -40  417.4    -9  283.0   -29  219.6   -15  242.2    11  233.5   -36  267.0    21  100.9    85

2012  13.7   -22   20.9   -38   77.4    24  228.6    44  145.8   -41  167.5   -63  210.6   -47  272.6     5  149.8   -31  240.2   -34  111.1   -50   17.4   -68

2013  10.3   -41   58.0    72   49.2   -21   90.2   -43  159.6   -36  749.5    64  449.0    13  205.3   -21  373.6    71  290.9   -20  213.8    -3   39.5   -28

===============================================================================================================================================================
