                                                                  


District : KOTTAYAM




===============================================================================================================================================================
YEAR   JANUARY      FEBRUARY      MARCH        APRIL         MAY          JUNE         JULY        AUGUST     SEPTEMBER     OCTOBER      NOVEMBER     DECEMBER
---------------------------------------------------------------------------------------------------------------------------------------------------------------
       R/F %DEP.    R/F %DEP.    R/F %DEP.    R/F %DEP.    R/F %DEP.    R/F %DEP.    R/F %DEP.    R/F %DEP.    R/F %DEP.    R/F %DEP.    R/F %DEP.    R/F %DEP.
---------------------------------------------------------------------------------------------------------------------------------------------------------------

2009   7.5   -66    1.8   -94   78.6    30   69.9   -59  204.9   -38  460.0   -28  553.1   -13  225.6   -45  280.8     0  188.6   -45  278.7    25   86.4    49

2010   9.6   -56    1.4   -95   96.7    60  201.5    18  354.1     7  664.7     4  568.9   -11  294.4   -28  366.9    31  559.4    62  456.0   104   97.9    69

2011  35.3   172   63.4   155   59.1    40  177.6    30  266.3    -6  860.0    32  536.1    -9  453.6    18  381.5    41  180.2   -43  178.0     0   98.2   139

2012  30.8   137   14.8   -41   66.5    57  284.3   109   80.9   -71  338.1   -48  352.8   -40  483.7    25  223.1   -18  262.5   -17  156.9   -12    4.3   -90

2013   7.9   -39   31.0    24  118.2   179   88.7   -35  169.9   -40  1124.9   73  754.3    28  405.2     5  296.8    10  347.3    10  244.8    38   16.6   -60

===============================================================================================================================================================
