                                                                  


District : KOZHIKODE




===============================================================================================================================================================
YEAR   JANUARY      FEBRUARY      MARCH        APRIL         MAY          JUNE         JULY        AUGUST     SEPTEMBER     OCTOBER      NOVEMBER     DECEMBER
---------------------------------------------------------------------------------------------------------------------------------------------------------------
       R/F %DEP.    R/F %DEP.    R/F %DEP.    R/F %DEP.    R/F %DEP.    R/F %DEP.    R/F %DEP.    R/F %DEP.    R/F %DEP.    R/F %DEP.    R/F %DEP.    R/F %DEP.
---------------------------------------------------------------------------------------------------------------------------------------------------------------

2009   0.0  -100    0.0  -100   43.5   108   63.1   -38  179.1   -38  608.4   -34  1817.5   77  301.1   -45  335.4    24  321.3    20  335.1    99   22.7   -39

2010   7.1    37    0.3   -96    0.0  -100  143.3    41  249.9   -14  1094.5   18  897.8   -13  368.9   -33  323.1    19  495.1    84  280.0    66   13.9   -63

2011   0.0  -100    0.0  -100    1.1   -93  121.4    50   98.9   -61  1188.8   33  840.1   -12  682.1    36  609.4   143  205.9   -21  213.3    64    5.3   -82

2012   0.3   -87    9.1   133    0.8   -95  113.5    40   41.3   -84  884.5    -1  451.3   -53  625.8    25  429.1    71  214.3   -18  159.8    23    0.0  -100

2013   1.3   -43   41.8   972   38.8   157   21.8   -73  193.9   -24  1426.1   59  1113.9   17  391.6   -22  235.0    -6  269.0     3   96.6   -26   13.8   -54

===============================================================================================================================================================
