                                                                  


District : PATHANAMTHITTA




===============================================================================================================================================================
YEAR   JANUARY      FEBRUARY      MARCH        APRIL         MAY          JUNE         JULY        AUGUST     SEPTEMBER     OCTOBER      NOVEMBER     DECEMBER
---------------------------------------------------------------------------------------------------------------------------------------------------------------
       R/F %DEP.    R/F %DEP.    R/F %DEP.    R/F %DEP.    R/F %DEP.    R/F %DEP.    R/F %DEP.    R/F %DEP.    R/F %DEP.    R/F %DEP.    R/F %DEP.    R/F %DEP.
---------------------------------------------------------------------------------------------------------------------------------------------------------------

2009   5.5   -74   12.0   -68  105.7    32  115.4   -37  156.8   -43  378.0   -30  454.0   -12  227.4   -33  290.3    11  222.7   -31  299.9    48   34.9   -39

2010  31.0    46    0.7   -98   66.3   -17  210.0    15  268.2    -3  502.5    -7  432.5   -16  402.2    18  259.4    -1  454.9    42  526.4   160   89.1    56

2011  46.0   132   74.3    64   92.5    25  269.7    46  175.5   -40  591.2     6  305.7   -43  286.2   -19  334.2    26  165.7   -54  132.8   -38  176.0   243

2012   9.1   -54   13.0   -71   84.6    14  281.5    52   84.6   -71  179.5   -68  270.6   -50  451.6    28  138.4   -48  158.9   -56  120.1   -44   26.0   -49

2013   9.0   -55   24.4   -46   92.0    24   47.0   -75  154.0   -48  728.7    31  608.4    13  281.0   -20  310.3    17  268.4   -25  306.1    43   18.0   -65

===============================================================================================================================================================
