                                                                  


District : THIRUVANANTHAPURAM




===============================================================================================================================================================
YEAR   JANUARY      FEBRUARY      MARCH        APRIL         MAY          JUNE         JULY        AUGUST     SEPTEMBER     OCTOBER      NOVEMBER     DECEMBER
---------------------------------------------------------------------------------------------------------------------------------------------------------------
       R/F %DEP.    R/F %DEP.    R/F %DEP.    R/F %DEP.    R/F %DEP.    R/F %DEP.    R/F %DEP.    R/F %DEP.    R/F %DEP.    R/F %DEP.    R/F %DEP.    R/F %DEP.
---------------------------------------------------------------------------------------------------------------------------------------------------------------

2009   5.0   -72    0.0  -100   60.0    22   44.6   -65  206.9   -10  183.3   -50  204.2   -23   87.3   -49  183.4     9  119.4   -54  346.3    82   42.5   -35

2010 108.3   515    0.0  -100   73.1    49  109.4   -14  216.7    -6  237.0   -35  234.9   -11  118.7   -31  114.1   -32  414.3    59  326.0    72  188.3   187

2011  43.6   126   73.6   249   15.0   -58  157.1    35   92.7   -57  270.2   -20   97.6   -57   84.4   -41  131.5   -19  141.2   -47  233.4    22  168.9   169

2012  14.4   -25   35.1    66   26.1   -26  164.7    41   88.7   -59   99.1   -71  146.2   -36  169.7    20   77.7   -52  159.3   -41  140.7   -27   32.7   -48

2013  10.5   -46   63.1   199   46.8    32   31.7   -73  120.9   -44  525.3    55  247.9     8  115.8   -18  219.7    36  155.9   -42  273.9    43   33.6   -46

===============================================================================================================================================================
