                                                                  


District : THRISSUR




===============================================================================================================================================================
YEAR   JANUARY      FEBRUARY      MARCH        APRIL         MAY          JUNE         JULY        AUGUST     SEPTEMBER     OCTOBER      NOVEMBER     DECEMBER
---------------------------------------------------------------------------------------------------------------------------------------------------------------
       R/F %DEP.    R/F %DEP.    R/F %DEP.    R/F %DEP.    R/F %DEP.    R/F %DEP.    R/F %DEP.    R/F %DEP.    R/F %DEP.    R/F %DEP.    R/F %DEP.    R/F %DEP.
---------------------------------------------------------------------------------------------------------------------------------------------------------------

2009   0.0  -100    0.0  -100   49.4   109   53.9   -38  289.4    -7  586.1   -20  972.1    26  385.1   -10  361.4    36  156.9   -41  206.3    53   29.7   -27

2010  18.4   229    0.0  -100    9.3   -61   74.7   -14  197.4   -36  775.8     6  601.5   -22  236.6   -45  308.0    16  539.6   102  332.6   146   20.5   -50

2011   0.0  -100   30.6   308   12.4   -27   73.6    -7  149.5   -48  832.4    18  537.6   -30  584.6    33  479.7    73  257.7   -13  154.3    12    4.2   -88

2012   1.8   -47    0.1   -99    9.3   -45  185.4   134  129.8   -55  598.1   -15  337.3   -56  543.5    23  260.7    -6  192.4   -35   89.3   -35   13.7   -61

2013   0.8   -76   46.0   513   29.8    75    9.9   -88  129.6   -55  1066.0   51  778.5     1  336.6   -24  274.9    -1  402.6    36  105.4   -24    3.9   -89

===============================================================================================================================================================
