                                                                  


District : WYNAD




===============================================================================================================================================================
YEAR   JANUARY      FEBRUARY      MARCH        APRIL         MAY          JUNE         JULY        AUGUST     SEPTEMBER     OCTOBER      NOVEMBER     DECEMBER
---------------------------------------------------------------------------------------------------------------------------------------------------------------
       R/F %DEP.    R/F %DEP.    R/F %DEP.    R/F %DEP.    R/F %DEP.    R/F %DEP.    R/F %DEP.    R/F %DEP.    R/F %DEP.    R/F %DEP.    R/F %DEP.    R/F %DEP.
---------------------------------------------------------------------------------------------------------------------------------------------------------------

2009   0.0  -100    0.0  -100   95.7   331   47.1   -51  123.9   -34  309.8   -55  1256.1    8  185.4   -71  240.3    -7  183.0   -12  203.6    99   77.6   184

2010  37.0   507   14.1    58   13.1   -41  131.3    36  124.4   -34  378.2   -46  494.8   -58  292.8   -54  163.5   -37  170.7   -18  218.0   113    4.4   -84

2011   0.0  -100   35.3   325   22.2    27  208.4   150   74.6   -57  701.3     0  508.1   -54  461.3   -22  296.2    28  221.7     4   94.0     0    7.3   -72

2012   0.8   -83    7.8    -6   16.2    -7  163.1    96   42.6   -76  278.4   -60  306.2   -72  478.2   -19  292.0    27  110.0   -48  132.8    42   11.8   -54

2013   0.0  -100   11.5    39   85.6   389   61.5   -26   91.4   -48  1024.9   47  997.7   -10  413.6   -30  253.4    10  186.3   -13   27.7   -70   16.7   -35

===============================================================================================================================================================
