                                                                  


District : CENTRAL DELHI




===============================================================================================================================================================
YEAR   JANUARY      FEBRUARY      MARCH        APRIL         MAY          JUNE         JULY        AUGUST     SEPTEMBER     OCTOBER      NOVEMBER     DECEMBER
---------------------------------------------------------------------------------------------------------------------------------------------------------------
       R/F %DEP.    R/F %DEP.    R/F %DEP.    R/F %DEP.    R/F %DEP.    R/F %DEP.    R/F %DEP.    R/F %DEP.    R/F %DEP.    R/F %DEP.    R/F %DEP.    R/F %DEP.
---------------------------------------------------------------------------------------------------------------------------------------------------------------

2009   4.0   -80    5.5   -70    8.4   -46    4.5   -65   31.4    51   16.6   -72  119.0   -49  156.3   -36  192.9    50    2.0   -92   17.5   230    1.9   -77

2010   4.5   -77   18.8     1    0.0  -100    0.2   -98    2.3   -89    4.2   -93  173.1   -26  464.4    90  359.7   180    8.9   -66   16.2   206    3.7   -55

2011   0.2   -99   45.3   178    3.4   -78    7.0   -21   23.0    19  123.8   107   43.0   -81  213.0   -13  145.5    32    0.0  -100    0.0  -100    0.0  -100

2012  10.0   -39    1.0   -94   12.0   -22    7.0   -21    9.0   -53   10.0   -83   67.0   -70  158.0   -36   36.0   -67    7.0   -66    0.0  -100    4.0   -53

2013  25.0    52   68.9   323    8.0   -48    8.0   -10    0.0  -100   85.0    42  235.0     6  306.0    25   68.0   -38   64.0   212    0.0  -100    0.0  -100

===============================================================================================================================================================
