                                                                  


District : AMBALA




===============================================================================================================================================================
YEAR   JANUARY      FEBRUARY      MARCH        APRIL         MAY          JUNE         JULY        AUGUST     SEPTEMBER     OCTOBER      NOVEMBER     DECEMBER
---------------------------------------------------------------------------------------------------------------------------------------------------------------
       R/F %DEP.    R/F %DEP.    R/F %DEP.    R/F %DEP.    R/F %DEP.    R/F %DEP.    R/F %DEP.    R/F %DEP.    R/F %DEP.    R/F %DEP.    R/F %DEP.    R/F %DEP.
---------------------------------------------------------------------------------------------------------------------------------------------------------------

2009   7.3   -79   15.6   -55    9.7   -61   21.0   233   24.8     9   48.9   -43  187.8   -35  152.6   -41  308.9   100    2.9   -87    0.1   -99    0.0  -100

2010   7.0   -80   10.9   -69    0.0  -100    0.0  -100   17.9   -21   81.5    -5  496.2    71  161.9   -38  300.9    95    5.7   -75    1.9   -74   39.8   100

2011   1.0   -97   13.4   -58   12.6   -50    4.9   -36   29.0    41  186.9    78  288.3    -6  171.6   -47  105.9   -40    0.0  -100    0.0  -100    4.2   -80

2012  18.0   -54    0.0  -100    0.6   -98   24.3   216    1.5   -93    7.0   -93  175.7   -43  211.6   -35  104.3   -41    0.0  -100    0.3   -97    6.2   -70

2013  58.1    49   79.9   153   25.7     2    2.2   -71    7.5   -63  160.0    52  226.5   -26  313.1    -4   50.3   -72    8.9   -74    6.4   -27    9.0   -57

===============================================================================================================================================================
