                                                                  


District : BHIWANI




===============================================================================================================================================================
YEAR   JANUARY      FEBRUARY      MARCH        APRIL         MAY          JUNE         JULY        AUGUST     SEPTEMBER     OCTOBER      NOVEMBER     DECEMBER
---------------------------------------------------------------------------------------------------------------------------------------------------------------
       R/F %DEP.    R/F %DEP.    R/F %DEP.    R/F %DEP.    R/F %DEP.    R/F %DEP.    R/F %DEP.    R/F %DEP.    R/F %DEP.    R/F %DEP.    R/F %DEP.    R/F %DEP.
---------------------------------------------------------------------------------------------------------------------------------------------------------------

2009   6.5   -62    8.6   -15    6.7   -24    3.1   -43   14.0    19   14.1   -52   47.3   -65   40.2   -70   86.8    48    0.0  -100    0.3   -93    0.2   -94

2010   9.4   -46    8.3   -18    0.2   -98    0.0  -100    0.7   -94   17.2   -42  144.8     8  128.5    -3  123.5   110    0.0  -100    1.1   -74    7.4   124

2011   0.2   -99   36.1   247    2.2   -73    1.3   -76   26.1   133   44.9    39   31.2   -76   89.3   -32   97.6    74    0.0  -100    0.0  -100    0.0  -100

2012   0.8   -95    0.0  -100    0.0  -100   20.3   269    5.1   -54    6.2   -81   35.7   -72  204.1    55   55.7    -1    2.0   -85    0.0  -100    5.8    61

2013  14.4    -1   48.2   363    2.6   -68    2.9   -47    0.0  -100   11.8   -63   81.5   -36   94.2   -29   24.9   -56    9.5   -29    2.9   -31    0.0  -100

===============================================================================================================================================================
