                                                                  


District : FATEHABAD




===============================================================================================================================================================
YEAR   JANUARY      FEBRUARY      MARCH        APRIL         MAY          JUNE         JULY        AUGUST     SEPTEMBER     OCTOBER      NOVEMBER     DECEMBER
---------------------------------------------------------------------------------------------------------------------------------------------------------------
       R/F %DEP.    R/F %DEP.    R/F %DEP.    R/F %DEP.    R/F %DEP.    R/F %DEP.    R/F %DEP.    R/F %DEP.    R/F %DEP.    R/F %DEP.    R/F %DEP.    R/F %DEP.
---------------------------------------------------------------------------------------------------------------------------------------------------------------

2009   4.3   -77    5.0   -53    2.3   -81    0.0  -100    0.0  -100    3.9   -86   60.2   -44   11.3   -89   55.3   -10    0.0  -100                     

2010   0.0  -100   14.0    31    0.0  -100    0.0  -100    0.0  -100    0.0  -100  133.0    23   68.7   -30  106.7    73    0.0  -100    0.0  -100    8.0    43

2011   0.0  -100   13.6    24    3.0   -73   20.3   199   22.9    54   40.1    28   42.9   -59   75.8   -21  130.8   154    0.0  -100    0.0  -100    0.0  -100

2012   1.5   -91    0.0  -100    0.0  -100   23.5   246    2.0   -87    7.1   -77   16.4   -84   80.9   -16   29.0   -44    3.9   -69    1.5   -58    2.3   -54

2013   9.2   -45   32.9   199    8.6   -23    3.3   -51    0.2   -99   56.0    79   31.6   -70   88.5    -8   13.9   -73    4.1   -67    1.0   -72    1.2   -76

===============================================================================================================================================================
