                                                                  


District : GURGAON




===============================================================================================================================================================
YEAR   JANUARY      FEBRUARY      MARCH        APRIL         MAY          JUNE         JULY        AUGUST     SEPTEMBER     OCTOBER      NOVEMBER     DECEMBER
---------------------------------------------------------------------------------------------------------------------------------------------------------------
       R/F %DEP.    R/F %DEP.    R/F %DEP.    R/F %DEP.    R/F %DEP.    R/F %DEP.    R/F %DEP.    R/F %DEP.    R/F %DEP.    R/F %DEP.    R/F %DEP.    R/F %DEP.
---------------------------------------------------------------------------------------------------------------------------------------------------------------

2009   0.0  -100    1.0   -90    0.0  -100    8.0    38    1.5   -86   18.0   -52   68.1   -63   96.3   -49  244.1   151    0.0  -100   24.5   581    0.0  -100

2010   1.0   -92   11.3    10    0.0  -100    0.0  -100    0.2   -99    0.8   -98  310.8    48  302.6    54  198.5    93    0.0  -100   15.0   241    1.0   -73

2011   0.0  -100    4.9   -58    0.3   -96    0.1   -98   10.6   -24   57.6    52  115.9   -31  159.1   -14  102.6    28    0.0  -100    0.0  -100    0.0  -100

2012   1.3   -87    0.0  -100    0.0  -100    3.3   -48    1.7   -88    1.5   -96  147.6   -13  249.2    35   81.4     2    0.0  -100    0.0  -100    0.0  -100

2013  11.0     8   53.0   353    2.5   -64    4.0   -38    0.0  -100   25.7   -32   96.1   -43  173.0    -7   35.7   -55    0.0  -100    0.0  -100    0.0  -100

===============================================================================================================================================================
