                                                                  


District : JHAJJAR




===============================================================================================================================================================
YEAR   JANUARY      FEBRUARY      MARCH        APRIL         MAY          JUNE         JULY        AUGUST     SEPTEMBER     OCTOBER      NOVEMBER     DECEMBER
---------------------------------------------------------------------------------------------------------------------------------------------------------------
       R/F %DEP.    R/F %DEP.    R/F %DEP.    R/F %DEP.    R/F %DEP.    R/F %DEP.    R/F %DEP.    R/F %DEP.    R/F %DEP.    R/F %DEP.    R/F %DEP.    R/F %DEP.
---------------------------------------------------------------------------------------------------------------------------------------------------------------

2009   0.0  -100    0.0  -100    0.3   -96   14.0   137    9.0     1    4.3   -85   97.7   -33   72.6   -48  183.0   180    0.0  -100    0.0  -100    0.0  -100

2010   0.0  -100    5.3   -57    0.0  -100    0.0  -100    0.0  -100    0.0  -100   99.7   -32  238.3    70  142.4   118    0.0  -100    0.0  -100    0.0  -100

2011   0.0  -100    5.2   -58    0.0  -100    0.0  -100   24.5   131   52.5    53  108.8   -32   50.8   -66   89.5    24    0.0  -100    0.0  -100    0.0  -100

2012   0.8   -94    0.0  -100    0.0  -100    5.5   -27    2.0   -81    3.0   -91   24.3   -85  144.2    -5   44.0   -39    4.0   -64    1.3   -62    3.7   -20

2013  12.0    -3   32.0   156    0.0  -100    0.0  -100    0.0  -100   28.0   -19   71.9   -55  124.3   -18   40.6   -44    1.3   -88    0.8   -76    0.0  -100

===============================================================================================================================================================
