                                                                  


District : JIND




===============================================================================================================================================================
YEAR   JANUARY      FEBRUARY      MARCH        APRIL         MAY          JUNE         JULY        AUGUST     SEPTEMBER     OCTOBER      NOVEMBER     DECEMBER
---------------------------------------------------------------------------------------------------------------------------------------------------------------
       R/F %DEP.    R/F %DEP.    R/F %DEP.    R/F %DEP.    R/F %DEP.    R/F %DEP.    R/F %DEP.    R/F %DEP.    R/F %DEP.    R/F %DEP.    R/F %DEP.    R/F %DEP.
---------------------------------------------------------------------------------------------------------------------------------------------------------------

2009  10.5   -43    8.8   -59    9.0   -37   15.0   206    0.0  -100   18.5   -51  114.3   -26   29.2   -80  201.5   113    0.0  -100    0.0  -100    0.0  -100

2010  11.3   -39    7.2   -67    0.0  -100    0.0  -100    0.0  -100   26.9   -29  207.9    34  110.6   -24  162.0    72    0.0  -100    0.1   -98   17.6   203

2011   0.5   -97   31.3    67    2.8   -77    4.7   -13   12.8   -14  114.0   180   59.9   -58   80.6   -45   92.0     7    0.0  -100    0.0  -100    0.0  -100

2012   0.0  -100    0.0  -100    0.0  -100    5.3    -2    0.0  -100    0.0  -100   40.4   -72  132.1   -10   34.7   -59    0.6   -96    3.7   -27    3.8   -21

2013  31.0    89   88.8   375    6.0   -52    6.2    15    0.0  -100   69.5    71   93.6   -34  184.0    25    4.4   -95    2.2   -86    0.0  -100    0.0  -100

===============================================================================================================================================================
