                                                                  


District : KAITHAL




===============================================================================================================================================================
YEAR   JANUARY      FEBRUARY      MARCH        APRIL         MAY          JUNE         JULY        AUGUST     SEPTEMBER     OCTOBER      NOVEMBER     DECEMBER
---------------------------------------------------------------------------------------------------------------------------------------------------------------
       R/F %DEP.    R/F %DEP.    R/F %DEP.    R/F %DEP.    R/F %DEP.    R/F %DEP.    R/F %DEP.    R/F %DEP.    R/F %DEP.    R/F %DEP.    R/F %DEP.    R/F %DEP.
---------------------------------------------------------------------------------------------------------------------------------------------------------------

2009   0.0  -100    0.0  -100                13.5    48    0.0  -100    0.0  -100  116.1   -27    9.2   -95   50.0   -50    0.0  -100    0.0  -100    0.0  -100

2010   2.0   -92    1.7   -90    0.0  -100    0.0  -100    1.3   -86   34.0   -34  187.9    19  143.7   -15  177.7    76    0.0  -100    0.0  -100   19.2   205

2011   1.5   -92   22.7    49   16.0    28    7.8    39   11.8    39   91.5   117   44.3   -65   39.7   -72   82.5    12    0.0  -100    0.0  -100    0.0  -100

2012   3.3   -81    0.0  -100    0.0  -100    6.3    13    6.5   -24    4.8   -89   30.5   -76   77.3   -45   34.8   -53    0.0  -100    0.3   -92    1.8   -63

2013   5.0   -72   42.9   182    4.6   -63    1.0   -82    2.0   -76  110.8   163   52.9   -59  108.8   -22   30.0   -59    6.3   -56    0.8   -79    1.0   -80

===============================================================================================================================================================
