                                                                  


District : KARNAL




===============================================================================================================================================================
YEAR   JANUARY      FEBRUARY      MARCH        APRIL         MAY          JUNE         JULY        AUGUST     SEPTEMBER     OCTOBER      NOVEMBER     DECEMBER
---------------------------------------------------------------------------------------------------------------------------------------------------------------
       R/F %DEP.    R/F %DEP.    R/F %DEP.    R/F %DEP.    R/F %DEP.    R/F %DEP.    R/F %DEP.    R/F %DEP.    R/F %DEP.    R/F %DEP.    R/F %DEP.    R/F %DEP.
---------------------------------------------------------------------------------------------------------------------------------------------------------------

2009   7.5   -76    5.5   -75    3.7   -81   19.0   111   12.7     8   16.2   -71   83.7   -60   65.6   -70  271.7   161    0.0  -100    0.0  -100    0.0  -100

2010   5.5   -82   11.5   -48    0.0  -100    2.5   -72    6.2   -47   29.3   -47  280.5    35  249.2    12  276.0   165    0.0  -100    0.0  -100   16.1    41

2011   1.1   -96   21.3     0    4.3   -78    7.5   -16   23.9    82   92.8    54   81.2   -59  117.5   -48   84.8   -10    0.0  -100    0.0  -100    0.0  -100

2012   5.4   -82    0.6   -97    0.4   -98   15.1    70    1.2   -91    0.0  -100   41.7   -79  230.5     3   56.7   -40    0.0  -100    0.0  -100    8.0   -34

2013  47.5    57   71.6   235    2.6   -87    6.3   -29    0.8   -94  166.2   176  129.9   -34  210.2    -6   37.2   -61   17.2   -34    0.6   -90    1.7   -86

===============================================================================================================================================================
