                                                                  


District : MAHENDRAGARH




===============================================================================================================================================================
YEAR   JANUARY      FEBRUARY      MARCH        APRIL         MAY          JUNE         JULY        AUGUST     SEPTEMBER     OCTOBER      NOVEMBER     DECEMBER
---------------------------------------------------------------------------------------------------------------------------------------------------------------
       R/F %DEP.    R/F %DEP.    R/F %DEP.    R/F %DEP.    R/F %DEP.    R/F %DEP.    R/F %DEP.    R/F %DEP.    R/F %DEP.    R/F %DEP.    R/F %DEP.    R/F %DEP.
---------------------------------------------------------------------------------------------------------------------------------------------------------------

2009   2.0   -81    0.0  -100    9.0    -2    0.0  -100   14.0   -21   47.6    14   51.1   -66   68.4   -58   84.8    27    0.0  -100    0.0  -100    0.0  -100

2010   0.0  -100    9.0   -25    0.0  -100    0.0  -100    0.0  -100    8.0   -81  121.1   -19  197.1    22  163.2   144    0.0  -100   23.7   618    0.0  -100

2011   0.0  -100   35.3   224    0.0  -100    5.1    -4   19.5     3   33.3   -23   54.0   -65  144.7     0  131.9   148    0.0  -100    0.0  -100    0.0  -100

2012   1.4   -88    0.0  -100    0.0  -100    0.1   -98    8.3   -56    3.6   -92   44.0   -71  246.9    71   47.3   -11   26.0    84    0.0  -100    0.0  -100

2013  25.0   112   68.2   526    0.0  -100    0.0  -100    0.0  -100   23.4   -46   91.1   -41  157.3     9   41.6   -22    0.1   -99    1.0   -71    0.0  -100

===============================================================================================================================================================
