                                                                  


District : PANCHKULA




===============================================================================================================================================================
YEAR   JANUARY      FEBRUARY      MARCH        APRIL         MAY          JUNE         JULY        AUGUST     SEPTEMBER     OCTOBER      NOVEMBER     DECEMBER
---------------------------------------------------------------------------------------------------------------------------------------------------------------
       R/F %DEP.    R/F %DEP.    R/F %DEP.    R/F %DEP.    R/F %DEP.    R/F %DEP.    R/F %DEP.    R/F %DEP.    R/F %DEP.    R/F %DEP.    R/F %DEP.    R/F %DEP.
---------------------------------------------------------------------------------------------------------------------------------------------------------------

2009   2.0   -96    7.6   -79    0.0  -100    4.5   -46   11.5   -58    5.5   -94   97.8   -70   75.4   -77  183.4    18   11.8   -43    0.0  -100    0.0  -100

2010   0.3   -99    6.3   -83    0.0  -100    0.0  -100    2.8   -90   48.3   -49  252.0   -23  159.3   -52  229.4    48    0.0  -100    0.0  -100    9.0   -51

2011   3.5   -92   22.0   -41    8.0   -71    0.0  -100   24.1   -14  101.8    -4  197.6   -40  200.7   -42   65.8   -62    0.0  -100    0.0  -100    0.0  -100

2012  13.0   -70    0.7   -98    0.0  -100   22.3    94    0.2   -99    3.8   -96  191.2   -42  240.0   -31  188.9    10    1.0   -95    0.0  -100    1.0   -95

2013  37.5   -14   70.0    87    8.4   -70    0.0  -100    4.3   -85  109.1     3  155.2   -53  223.4   -36   71.9   -58   20.5    10    4.5   -63    4.8   -74

===============================================================================================================================================================
