                                                                  


District : PANIPAT




===============================================================================================================================================================
YEAR   JANUARY      FEBRUARY      MARCH        APRIL         MAY          JUNE         JULY        AUGUST     SEPTEMBER     OCTOBER      NOVEMBER     DECEMBER
---------------------------------------------------------------------------------------------------------------------------------------------------------------
       R/F %DEP.    R/F %DEP.    R/F %DEP.    R/F %DEP.    R/F %DEP.    R/F %DEP.    R/F %DEP.    R/F %DEP.    R/F %DEP.    R/F %DEP.    R/F %DEP.    R/F %DEP.
---------------------------------------------------------------------------------------------------------------------------------------------------------------

2009   0.0  -100                 0.0  -100    5.0   -46    3.0   -66    4.8   -90   73.2   -60   32.7   -83  153.3    67    0.0  -100    0.0  -100        

2010   0.0  -100    0.0  -100                 0.0  -100    0.0  -100    0.0  -100  163.0   -12  146.3   -25  190.5   107    0.0  -100    0.0  -100    5.3   -13

2011   0.8   -96   18.6    18   14.1    12    7.2   -24   12.3    24   91.5    66   13.6   -92   58.4   -71  129.3    49    0.0  -100    0.0  -100    0.0  -100

2012  11.2   -46    0.0  -100    0.2   -98    8.8    -7    1.7   -83    7.7   -86   42.5   -76  155.8   -24   32.3   -63    0.0  -100    1.9   -60    9.8    31

2013  34.7    68  106.1   572    1.3   -90    2.0   -79    1.3   -87   35.0   -36   38.1   -78  138.6   -32   15.3   -82   17.6   -19    1.1   -77    2.8   -63

===============================================================================================================================================================
