                                                                  


District : REWARI




===============================================================================================================================================================
YEAR   JANUARY      FEBRUARY      MARCH        APRIL         MAY          JUNE         JULY        AUGUST     SEPTEMBER     OCTOBER      NOVEMBER     DECEMBER
---------------------------------------------------------------------------------------------------------------------------------------------------------------
       R/F %DEP.    R/F %DEP.    R/F %DEP.    R/F %DEP.    R/F %DEP.    R/F %DEP.    R/F %DEP.    R/F %DEP.    R/F %DEP.    R/F %DEP.    R/F %DEP.    R/F %DEP.
---------------------------------------------------------------------------------------------------------------------------------------------------------------

2009   0.0  -100                                                       15.8   -57   61.7   -63   38.2   -81  135.3    65    0.0  -100                 0.0  -100

2010   2.0   -82    0.0  -100                 0.0  -100    0.0  -100    4.5   -88  148.6   -10  299.1    46  161.7    97    0.0  -100    4.8    23    4.4    -8

2011   0.0  -100   23.9   175    0.0  -100    4.4    47   44.5   349   91.5   176   76.5   -49  102.3   -44  165.0   139    0.0  -100    0.0  -100    0.0  -100

2012   0.3   -97    0.0  -100    0.0  -100    2.8    -7    9.3    -6    2.9   -91   36.5   -76  172.5    -6   99.4    44    0.0  -100    0.0  -100    0.0  -100

2013  19.8   118   14.4    66    3.8   -27    6.0   100    0.0  -100   27.7   -16  106.9   -29  169.5    -8   75.2     9   44.2   235    0.0  -100    0.0  -100

===============================================================================================================================================================
