                                                                  


District : ROHTAK




===============================================================================================================================================================
YEAR   JANUARY      FEBRUARY      MARCH        APRIL         MAY          JUNE         JULY        AUGUST     SEPTEMBER     OCTOBER      NOVEMBER     DECEMBER
---------------------------------------------------------------------------------------------------------------------------------------------------------------
       R/F %DEP.    R/F %DEP.    R/F %DEP.    R/F %DEP.    R/F %DEP.    R/F %DEP.    R/F %DEP.    R/F %DEP.    R/F %DEP.    R/F %DEP.    R/F %DEP.    R/F %DEP.
---------------------------------------------------------------------------------------------------------------------------------------------------------------

2009   1.0   -95    0.1   -99    2.6   -83   55.8   721   10.1   -34   18.0   -57   81.0   -59   31.3   -81  202.9   108    0.0  -100    0.2   -96    1.1   -81

2010   7.4   -65   13.1   -22    0.0  -100    0.1   -99    0.1   -99    6.0   -86   79.7   -59  204.3    24  153.7    58   12.3   -17    0.1   -98    9.3    58

2011   0.0  -100   24.0    43    1.4   -92    0.5   -95   11.6   -41   22.8   -54   29.6   -85   77.1   -61   96.8    41    0.0  -100    0.0  -100    0.0  -100

2012   3.1   -84    0.4   -98    0.0  -100   18.1    95    5.3   -73    8.0   -84   58.0   -70  144.8   -26   21.8   -68    3.0   -78    0.0  -100    1.0   -87

2013   1.0   -95    4.3   -74    0.0  -100   18.0    94    0.0  -100   26.8   -46   49.6   -74  112.8   -42   33.3   -51   17.0    27    0.0  -100    0.0  -100

===============================================================================================================================================================
