                                                                  


District : SIRSA




===============================================================================================================================================================
YEAR   JANUARY      FEBRUARY      MARCH        APRIL         MAY          JUNE         JULY        AUGUST     SEPTEMBER     OCTOBER      NOVEMBER     DECEMBER
---------------------------------------------------------------------------------------------------------------------------------------------------------------
       R/F %DEP.    R/F %DEP.    R/F %DEP.    R/F %DEP.    R/F %DEP.    R/F %DEP.    R/F %DEP.    R/F %DEP.    R/F %DEP.    R/F %DEP.    R/F %DEP.    R/F %DEP.
---------------------------------------------------------------------------------------------------------------------------------------------------------------

2009   8.4   -32   11.5     4   21.0    98   21.3   363   13.2    11    4.4   -76   10.1   -90    9.9   -89   25.2   -51    0.0  -100    1.0   -78    0.3   -89

2010   7.3   -41   19.4    75    3.5   -67    0.2   -96    2.5   -79   35.0    87  106.2    10   96.3    12  120.6   135    0.0  -100    0.0  -100    5.9   119

2011   0.0  -100   18.4    59    0.1   -99    3.5   -36   18.1    50   42.5    85   36.3   -64  152.5    87  116.9   211    0.0  -100    0.0  -100    0.0  -100

2012   1.0   -91    0.3   -97    0.0  -100   15.6   184    6.1   -50    7.4   -68   43.6   -56   68.6   -16   52.8    40   13.1    -2    0.0  -100    0.0  -100

2013   0.0  -100    8.0   -31    2.5   -75    7.7    40    0.0  -100   21.5    -7   29.8   -70  112.4    38    0.2   -99    0.0  -100    1.0   -80    0.0  -100

===============================================================================================================================================================
