                                                                  


District : YAMUNA NAGAR




===============================================================================================================================================================
YEAR   JANUARY      FEBRUARY      MARCH        APRIL         MAY          JUNE         JULY        AUGUST     SEPTEMBER     OCTOBER      NOVEMBER     DECEMBER
---------------------------------------------------------------------------------------------------------------------------------------------------------------
       R/F %DEP.    R/F %DEP.    R/F %DEP.    R/F %DEP.    R/F %DEP.    R/F %DEP.    R/F %DEP.    R/F %DEP.    R/F %DEP.    R/F %DEP.    R/F %DEP.    R/F %DEP.
---------------------------------------------------------------------------------------------------------------------------------------------------------------

2009   3.5   -93   20.5   -41    4.0   -87   20.0    68    0.0  -100    7.0   -94  159.9   -48  220.7   -31  308.9    91    6.0   -83    0.0  -100    0.0  -100

2010   7.0   -85   27.0   -22    0.0  -100    0.0  -100    8.3   -68   25.4   -76  495.4    62  387.1    20  437.3   170   11.0   -69    6.7     2   28.7    59

2011   2.8   -93   19.5   -44   14.2   -55    4.9   -68   55.4   110  303.5   158  225.9   -26  228.5   -30   65.9   -54    0.0  -100    0.0  -100    1.6   -92

2012   9.0   -79    0.0  -100    2.0   -94   12.1   -20    0.3   -99    4.7   -96  179.3   -41  347.0     7  122.0   -16    0.0  -100    1.9   -72    9.7   -54

2013  76.0    79  142.4   308    9.9   -69    1.4   -91   17.7   -33  330.6   181  212.2   -30  414.3    27   98.3   -32   15.7   -56    7.8    15   23.9    12

===============================================================================================================================================================
