District : EAST KAMENG
===============================================================================================================================================================
YEAR   JANUARY      FEBRUARY      MARCH        APRIL         MAY          JUNE         JULY        AUGUST     SEPTEMBER     OCTOBER      NOVEMBER     DECEMBER
---------------------------------------------------------------------------------------------------------------------------------------------------------------
       R/F %DEP.    R/F %DEP.    R/F %DEP.    R/F %DEP.    R/F %DEP.    R/F %DEP.    R/F %DEP.    R/F %DEP.    R/F %DEP.    R/F %DEP.    R/F %DEP.    R/F %DEP.
---------------------------------------------------------------------------------------------------------------------------------------------------------------

2009  13.2   -35   10.0   -65                             71.0   -55  154.9   -60  424.5    16  265.9     7   91.4   -54   88.4    -3    5.8   -75    6.9   -15

2010   0.0  -100    3.0   -90   38.4     9   87.6   -24  153.6   -18  165.3   -58  177.6   -56  172.2   -32  334.9    28   32.9   -64    4.1   -72    1.0   -88

2011   0.0  -100    0.0  -100   55.9   -42    6.3   -96   36.4   -83  123.9   -64  437.8    19  163.5   -36  254.8    -8    9.8   -93    2.0   -94    0.0  -100

2012  15.5   -68    4.0   -95    1.0   -99  119.3   -24   86.1   -59  271.8   -21  346.2    -6   82.6   -68  156.4   -43   61.6   -55   27.0   -22    1.2   -96

2013   0.0  -100   19.6   -74   25.9   -73   57.3   -63  157.1   -24  300.1   -13  248.2   -33  164.4   -36  199.9   -28   75.3   -46    0.0  -100   17.0   -38

===============================================================================================================================================================
