District : EAST SIANG
===============================================================================================================================================================
YEAR   JANUARY      FEBRUARY      MARCH        APRIL         MAY          JUNE         JULY        AUGUST     SEPTEMBER     OCTOBER      NOVEMBER     DECEMBER
---------------------------------------------------------------------------------------------------------------------------------------------------------------
       R/F %DEP.    R/F %DEP.    R/F %DEP.    R/F %DEP.    R/F %DEP.    R/F %DEP.    R/F %DEP.    R/F %DEP.    R/F %DEP.    R/F %DEP.    R/F %DEP.    R/F %DEP.
---------------------------------------------------------------------------------------------------------------------------------------------------------------

2009  52.9    -2  153.1    33   46.1   -75  259.8    -5  159.7   -56  464.7   -38  558.9   -37  735.4    22  286.5   -53  158.8   -32  147.7   200   19.7   -58

2010   0.0  -100   40.6   -65  306.6   125  623.5   137  495.0    13  1018.9   20  542.5   -50  419.5   -39  841.1    47   81.1   -63   99.4   232   26.5    -1

2011  65.2    96   32.1   -60  291.7   175  158.8   -27  295.9    -8  415.0   -44  763.3   -23  379.6   -47  348.6   -39   19.9   -90    2.7   -91   70.4   122

2012  69.2   108   39.3   -51  120.7    14  300.9    39  460.2    42  1111.1   50  1628.0   64  479.6   -33  1549.4  173  611.6   196    0.0  -100   24.0   -24

2013   9.2   -72   23.4   -71   90.0   -15  132.7   -39  325.6     1  533.4   -28  1093.9   10  454.0   -36  442.8   -22  246.9    19    0.0  -100    4.5   -86

===============================================================================================================================================================
