District : LOHIT
===============================================================================================================================================================
YEAR   JANUARY      FEBRUARY      MARCH        APRIL         MAY          JUNE         JULY        AUGUST     SEPTEMBER     OCTOBER      NOVEMBER     DECEMBER
---------------------------------------------------------------------------------------------------------------------------------------------------------------
       R/F %DEP.    R/F %DEP.    R/F %DEP.    R/F %DEP.    R/F %DEP.    R/F %DEP.    R/F %DEP.    R/F %DEP.    R/F %DEP.    R/F %DEP.    R/F %DEP.    R/F %DEP.
---------------------------------------------------------------------------------------------------------------------------------------------------------------

2009  82.4    30  136.6    29   32.7   -85  269.7   -34   88.6   -70  267.0   -41  419.6   -31  533.8    42  302.2     1  124.8   -35   80.2    62   17.7   -60

2010   0.0  -100   21.0   -80  212.5    29  937.3   121  563.8    84  461.8    -6  619.1   -21  339.8   -30  470.8    50   66.7   -67   34.4   -18    6.5   -83

2011  43.6     3   23.8   -71  338.1    92  152.1   -58  152.7   -50  404.5   -10  452.1   -32  204.6   -52  245.3   -22   53.9   -68    3.8   -89   20.5   -31

2012  21.4   -49   14.8   -82  134.0   -24  564.8    58  158.0   -48  563.8    26  731.3    11  323.1   -24  793.3   153  237.3    42                13.9   -53

2013  16.6   -61   21.6   -73  152.3   -14  304.3   -15  467.4    53  306.6   -31  482.7   -27  309.4   -28  270.5   -14  130.3   -22    5.3   -84    1.2   -96

===============================================================================================================================================================
