District : LOWER SUBANSIRI
===============================================================================================================================================================
YEAR   JANUARY      FEBRUARY      MARCH        APRIL         MAY          JUNE         JULY        AUGUST     SEPTEMBER     OCTOBER      NOVEMBER     DECEMBER
---------------------------------------------------------------------------------------------------------------------------------------------------------------
       R/F %DEP.    R/F %DEP.    R/F %DEP.    R/F %DEP.    R/F %DEP.    R/F %DEP.    R/F %DEP.    R/F %DEP.    R/F %DEP.    R/F %DEP.    R/F %DEP.    R/F %DEP.
---------------------------------------------------------------------------------------------------------------------------------------------------------------

2009   5.6   -88   25.4   -70  114.2   -22   61.4   -72  124.2   -48   80.6   -74  146.9   -56  173.2   -29   53.0   -80   51.2   -57    1.2   -97    3.6   -90

2010   0.0  -100    3.6   -96  109.7   -29   87.8   -57  128.8   -43   80.4   -75  104.0   -65   68.6   -70   75.0   -71   30.7   -77   18.2   -62    0.0  -100

2011   2.8   -97    8.0   -93   79.0   -15   32.8   -84  125.2   -53  171.4   -40  204.1   -18  157.0   -42   85.0   -56   17.0   -78   45.0    -9    7.0   -74

2012  26.0   -73   10.0   -91   53.0   -43  123.0   -40   78.0   -71  181.0   -36  129.0   -48  109.0   -60  219.0    14   43.0   -45   17.6   -64    0.0  -100

2013   0.0  -100               109.6    19   61.0   -70   78.0   -71   26.2   -91   34.2   -86  102.6   -62                                          15.0   -45

===============================================================================================================================================================
