District : TAWANG
===============================================================================================================================================================
YEAR   JANUARY      FEBRUARY      MARCH        APRIL         MAY          JUNE         JULY        AUGUST     SEPTEMBER     OCTOBER      NOVEMBER     DECEMBER
---------------------------------------------------------------------------------------------------------------------------------------------------------------
       R/F %DEP.    R/F %DEP.    R/F %DEP.    R/F %DEP.    R/F %DEP.    R/F %DEP.    R/F %DEP.    R/F %DEP.    R/F %DEP.    R/F %DEP.    R/F %DEP.    R/F %DEP.
---------------------------------------------------------------------------------------------------------------------------------------------------------------

2009   0.6   -97    1.0   -97   89.8   158  141.4    58  117.5   -25  139.1   -64  230.1   -37  272.2     9  131.6   -34  100.6    11   11.1   -51    0.0  -100

2010   0.0  -100   17.1   -41  301.9   755  233.5   101  294.5    58   18.0   -95                            256.3    -2  111.1    22   92.8   536    0.0  -100

2011   0.0  -100                                         243.4   -29  226.0   -66  338.3   -55  182.0   -69  181.0   -63   39.0   -83   62.1    54    2.0   -93

2012  21.0   -40   23.0   -47  114.0    94  377.0   181  154.6   -55  256.0   -62  291.0   -61  296.0   -49  369.7   -25   27.0   -88   23.5   -42    8.0   -70

2013   1.0   -97   40.0    -8  174.0   195  353.0   163  356.0     4  161.0   -76  396.0   -47  270.4   -53  183.3   -63  124.0   -47   50.5    25   17.0   -37

===============================================================================================================================================================
