District : TIRAP
===============================================================================================================================================================
YEAR   JANUARY      FEBRUARY      MARCH        APRIL         MAY          JUNE         JULY        AUGUST     SEPTEMBER     OCTOBER      NOVEMBER     DECEMBER
---------------------------------------------------------------------------------------------------------------------------------------------------------------
       R/F %DEP.    R/F %DEP.    R/F %DEP.    R/F %DEP.    R/F %DEP.    R/F %DEP.    R/F %DEP.    R/F %DEP.    R/F %DEP.    R/F %DEP.    R/F %DEP.    R/F %DEP.
---------------------------------------------------------------------------------------------------------------------------------------------------------------

2009  80.6    80   61.2   -33   74.6   -57  213.6   -39  378.0   -12  720.8     8  1010.2    4  850.8    55  392.2   -15  200.4    12   63.4    61    2.9   -90

2010  12.2   -73    9.4   -90  187.0     7  355.6     1  442.0     3  645.3    -3  624.2   -36  508.0    -8  563.1    22   84.8   -53   29.6   -25   17.3   -38

2011  33.6   -20   26.0   -64   84.4   -40  109.3   -66  104.6   -68  328.6   -47  380.0   -55  239.9   -52  239.8   -43   91.4   -58    7.6   -82    2.8   -88

2012  58.4    38   13.4   -82   64.8   -54  373.0    18  266.7   -19  381.7   -38  685.9   -19  329.1   -34  235.5   -44  131.5   -40    0.0  -100   23.2     1

2013   6.6   -84    6.6   -91  109.0   -23  234.3   -26  320.2    -3  390.6   -36  613.4   -28  511.0     2  159.2   -62  182.4   -17    0.0  -100    0.5   -98

===============================================================================================================================================================
