District : UPPER SUBANSIRI
===============================================================================================================================================================
YEAR   JANUARY      FEBRUARY      MARCH        APRIL         MAY          JUNE         JULY        AUGUST     SEPTEMBER     OCTOBER      NOVEMBER     DECEMBER
---------------------------------------------------------------------------------------------------------------------------------------------------------------
       R/F %DEP.    R/F %DEP.    R/F %DEP.    R/F %DEP.    R/F %DEP.    R/F %DEP.    R/F %DEP.    R/F %DEP.    R/F %DEP.    R/F %DEP.    R/F %DEP.    R/F %DEP.
---------------------------------------------------------------------------------------------------------------------------------------------------------------

2009   5.8   -88   48.2   -43   40.6   -72  176.2   -19  145.8   -39  360.0    16  169.4   -49  454.4    87  157.6   -41   58.2   -52   10.4   -75   10.9   -70

2010   0.0  -100   15.0   -82  174.8    13  315.4    55  183.6   -18  160.2   -50  198.8   -33  185.4   -18  273.4     5   46.4   -65   73.3    55   28.8   -11

2011  21.0   -25   10.6   -78  158.4    86  152.6    50  131.4    -6  280.2    23  354.8    63  265.8    45  125.4   -22   22.8   -70   13.2   -37   24.6   112

2012  22.0   -21    0.0  -100               190.2    87   87.0   -38  204.6   -10  169.2   -22  297.2    63  219.8    38   88.4    16    5.4   -74   26.0   124

2013   7.7   -73   26.6   -45   52.4   -39  141.6    40  302.0   115  225.2    -1  246.8    14   79.3   -57   70.6   -56   67.8   -11   20.8     0   32.1   177

===============================================================================================================================================================
