District : UPPER SIANG
===============================================================================================================================================================
YEAR   JANUARY      FEBRUARY      MARCH        APRIL         MAY          JUNE         JULY        AUGUST     SEPTEMBER     OCTOBER      NOVEMBER     DECEMBER
---------------------------------------------------------------------------------------------------------------------------------------------------------------
       R/F %DEP.    R/F %DEP.    R/F %DEP.    R/F %DEP.    R/F %DEP.    R/F %DEP.    R/F %DEP.    R/F %DEP.    R/F %DEP.    R/F %DEP.    R/F %DEP.    R/F %DEP.
---------------------------------------------------------------------------------------------------------------------------------------------------------------

2009  15.0   -72                              0.0  -100                                                                                               0.0  -100

2010   0.0  -100               306.8   -14  124.3   -67  354.8   -11  713.2   -10  551.0   -15  434.5     6  899.0    33  335.7    21  105.7    18    8.7   -89

2011 163.9   121  238.8    35  229.0   -37  702.5    77  245.4   -40  604.2   -25  853.8    31  231.6   -45  728.8     6  146.3   -45   32.2   -63   22.2   -69

2012 178.6   140  144.4   -18  206.2   -43  800.3   101  520.5    27  1096.9   37  917.5    41  450.2     8  794.1    16  288.4     9   73.3   -16  111.8    56

2013  66.2   -11   76.8   -57  195.0   -46  324.0   -18  697.7    71  438.6   -45  536.0   -18  191.2   -54  800.8    17  175.8   -34   50.2   -42   14.9   -79

===============================================================================================================================================================
