District : WEST SIANG
===============================================================================================================================================================
YEAR   JANUARY      FEBRUARY      MARCH        APRIL         MAY          JUNE         JULY        AUGUST     SEPTEMBER     OCTOBER      NOVEMBER     DECEMBER
---------------------------------------------------------------------------------------------------------------------------------------------------------------
       R/F %DEP.    R/F %DEP.    R/F %DEP.    R/F %DEP.    R/F %DEP.    R/F %DEP.    R/F %DEP.    R/F %DEP.    R/F %DEP.    R/F %DEP.    R/F %DEP.    R/F %DEP.
---------------------------------------------------------------------------------------------------------------------------------------------------------------

2009   0.0  -100  113.9    -1   89.4   -52  193.2   -29  226.0   -38  533.9   -29  737.1   -17   82.4   -86  484.3   -20   83.6   -64   33.3   -32    4.3   -91

2010   0.0  -100    0.2  -100   45.0   -34   79.0   -57  125.0   -50  879.4    40  840.1    -9  578.4   -19                            122.6   327    0.0  -100

2011 111.3   328   20.1   -70  218.4   184   96.3   -58  198.4   -17  349.9   -16  866.4    46   28.2   -91                                           0.0  -100

2012   0.0  -100    4.0   -94  109.0    42  139.0   -39  139.0   -42  423.0     2  368.0   -38  306.0    -2  435.5    50  255.0   101   29.0   -14   25.0   -15

2013  17.0   -35   31.0   -54  120.0    56  163.1   -29  339.9    42  410.9    -1  362.8   -39  184.2   -41  279.2    -4   97.4   -23    7.0   -79   13.7   -54

===============================================================================================================================================================
