District : WEST KAMENG
===============================================================================================================================================================
YEAR   JANUARY      FEBRUARY      MARCH        APRIL         MAY          JUNE         JULY        AUGUST     SEPTEMBER     OCTOBER      NOVEMBER     DECEMBER
---------------------------------------------------------------------------------------------------------------------------------------------------------------
       R/F %DEP.    R/F %DEP.    R/F %DEP.    R/F %DEP.    R/F %DEP.    R/F %DEP.    R/F %DEP.    R/F %DEP.    R/F %DEP.    R/F %DEP.    R/F %DEP.    R/F %DEP.
---------------------------------------------------------------------------------------------------------------------------------------------------------------

2009   8.2   -60    7.8   -73   42.9    23   43.9   -51  357.9   128  665.2    70  910.8   149  828.7   232  191.8    -4  105.4    16   11.0   -52   24.4   201

2010   0.0  -100    0.0  -100   94.2   190  124.8   102  373.4   195  400.6     5  488.9    51  609.7   148  313.5   127   73.4   -18   58.9    96    0.0  -100

2011   9.9   -72   28.2   -35   51.9   -12   44.7   -67  249.3   -27  294.5   -56  616.5   -18  365.7   -37  313.7   -36   42.9   -82   10.0   -75    3.0   -89

2012  29.2   -17    3.0   -93   11.6   -80  138.6     3   87.1   -74  348.3   -48  299.7   -60  404.8   -30  440.5   -10  130.9   -44    0.0  -100   13.6   -50

2013   0.3   -99   56.7    30   52.6   -11  106.0   -21  268.8   -21  334.8   -50  216.6   -71  410.0   -29  329.6   -33  114.1   -51    0.2   -99   34.6    28

===============================================================================================================================================================
