                                                                  


District : NORTH TRIPURA



===============================================================================================================================================================
YEAR   JANUARY      FEBRUARY      MARCH        APRIL         MAY          JUNE         JULY        AUGUST     SEPTEMBER     OCTOBER      NOVEMBER     DECEMBER
---------------------------------------------------------------------------------------------------------------------------------------------------------------
       R/F %DEP.    R/F %DEP.    R/F %DEP.    R/F %DEP.    R/F %DEP.    R/F %DEP.    R/F %DEP.    R/F %DEP.    R/F %DEP.    R/F %DEP.    R/F %DEP.    R/F %DEP.
---------------------------------------------------------------------------------------------------------------------------------------------------------------

2009   0.0  -100    5.3   -84   28.0   -75  243.4   -17  469.7     9  282.4   -42  258.2   -30  393.1     6  279.4    -2  148.2   -21   13.6   -71    0.0  -100

2010   0.0  -100    3.4   -90  132.2    20  474.1    62  664.7    54  541.2    10  363.6    -2  369.6     0  335.1    18  200.5     7    4.2   -91   43.1   327

2011  13.6     0   12.4   -67   70.1   -41  100.1   -63  562.7    28  422.9   -11  500.6    24  317.7   -14  229.9   -18   37.2   -79    0.0  -100    0.0  -100

2012  12.4    -9    8.8   -76   22.9   -81  370.2    36  288.4   -34  656.8    38  177.2   -56  331.3   -10  222.3   -21  201.1    16   48.5     8    0.2   -98

2013   0.0  -100    4.4   -88    3.0   -97  107.2   -61  846.8    92  328.3   -31  337.6   -16  440.7    20  197.6   -29  157.3    -9    0.0  -100   12.6    -4

===============================================================================================================================================================
