                                                                  


District : WEST TRIPURA



===============================================================================================================================================================
YEAR   JANUARY      FEBRUARY      MARCH        APRIL         MAY          JUNE         JULY        AUGUST     SEPTEMBER     OCTOBER      NOVEMBER     DECEMBER
---------------------------------------------------------------------------------------------------------------------------------------------------------------
       R/F %DEP.    R/F %DEP.    R/F %DEP.    R/F %DEP.    R/F %DEP.    R/F %DEP.    R/F %DEP.    R/F %DEP.    R/F %DEP.    R/F %DEP.    R/F %DEP.    R/F %DEP.
---------------------------------------------------------------------------------------------------------------------------------------------------------------

2009   0.0  -100    3.2   -87    2.0   -97   46.1   -77  284.2   -17  281.1   -37  499.5    30  379.4    16  214.2   -14  113.6   -33   39.1    -6    0.0  -100

2010   0.0  -100    7.9   -67   98.1    59  134.8   -34  377.1    10  455.8     2  160.4   -58  195.1   -40  224.1   -10  279.3    65    5.3   -87   34.3   370

2011   1.2   -88    1.7   -94   55.5   -23   50.3   -74  409.9    14  407.8    -4  228.1   -42  341.9     6  169.7   -32   63.7   -64    0.3   -99    0.1   -99

2012  17.7    84    1.7   -94   11.4   -84  221.5    14  148.5   -59  478.4    12  256.7   -35  296.4    -8  145.4   -42  133.8   -23   50.4    21    0.6   -94

2013   1.0   -90    7.6   -73    7.8   -89   85.2   -56  594.2    65  244.5   -43  178.8   -55  233.1   -28  284.6    14  176.8     1    0.0  -100    3.6   -65

===============================================================================================================================================================
