                                                              


District : NORTH & MIDDLE ANDAMAN


===============================================================================================================================================================
YEAR   JANUARY      FEBRUARY      MARCH        APRIL         MAY          JUNE         JULY        AUGUST     SEPTEMBER     OCTOBER      NOVEMBER     DECEMBER
---------------------------------------------------------------------------------------------------------------------------------------------------------------
       R/F %DEP.    R/F %DEP.    R/F %DEP.    R/F %DEP.    R/F %DEP.    R/F %DEP.    R/F %DEP.    R/F %DEP.    R/F %DEP.    R/F %DEP.    R/F %DEP.    R/F %DEP.
---------------------------------------------------------------------------------------------------------------------------------------------------------------

2009   0.0  -100    0.0  -100   23.8   153  131.9   133  274.4   -27  758.2    43  345.5   -25  447.6    -2  421.1   -10  319.6     7   51.2   -76   64.5   -49

2010 103.5   161    0.0  -100    0.0  -100    5.0   -90  408.1    10  394.5   -26  597.1    29  788.5    72  292.5   -36  544.8    91   94.7   -53  137.2    22

2011 153.1   368   41.7   162  262.3  2950   40.0   -25  341.1    -1  461.4    -8  759.0    63  815.7    77  1169.0  157  150.0   -46   89.5   -55  215.7   116

2012  27.5   -16   18.5    16    0.0  -100   38.0   -29  602.5    75  777.0    54  360.3   -23  522.0    13  1085.0  139  265.9    -4  246.1    24  119.3    19

2013   7.0   -79    2.0   -87   34.9   306   70.0    31  586.4    71  1014.1  101  651.1    40  447.7    -3  597.9    31  727.4   163  548.9   176   41.2   -59

===============================================================================================================================================================
