District : BARPETA
===============================================================================================================================================================
YEAR   JANUARY      FEBRUARY      MARCH        APRIL         MAY          JUNE         JULY        AUGUST     SEPTEMBER     OCTOBER      NOVEMBER     DECEMBER
---------------------------------------------------------------------------------------------------------------------------------------------------------------
       R/F %DEP.    R/F %DEP.    R/F %DEP.    R/F %DEP.    R/F %DEP.    R/F %DEP.    R/F %DEP.    R/F %DEP.    R/F %DEP.    R/F %DEP.    R/F %DEP.    R/F %DEP.
---------------------------------------------------------------------------------------------------------------------------------------------------------------

2009   0.1   -99    0.0  -100   51.9    -5  162.4   -16  300.7   -16  463.9    30  414.4    -5  681.7   198  180.3   -30  209.4    97    6.3   -60    0.8   -92

2010   0.0  -100    1.7   -93   91.3    67  448.3   133  436.1    22  735.2   106  636.7    45  329.0    44  575.6   123   40.8   -62    1.2   -92    0.7   -93

2011   2.7   -74    8.9   -67  140.7   161   67.2   -62  301.1   -23  455.7   -34  424.3   -44  323.4   -39  253.0   -45    6.9   -95   17.2   -16    0.0  -100

2012   8.1   -21   15.9   -41    3.0   -94  288.5    64  211.7   -46  1107.9   60  496.7   -34  223.3   -58  446.3    -3  177.8    25    0.0  -100    0.7   -94

2013   0.0  -100   12.8   -52   18.3   -66  134.2   -24  356.2    -9  293.9   -58  494.6   -35  248.3   -53  498.5     8  121.8   -14    5.8   -72    0.5   -96

===============================================================================================================================================================
