District : BONGAIGAON
===============================================================================================================================================================
YEAR   JANUARY      FEBRUARY      MARCH        APRIL         MAY          JUNE         JULY        AUGUST     SEPTEMBER     OCTOBER      NOVEMBER     DECEMBER
---------------------------------------------------------------------------------------------------------------------------------------------------------------
       R/F %DEP.    R/F %DEP.    R/F %DEP.    R/F %DEP.    R/F %DEP.    R/F %DEP.    R/F %DEP.    R/F %DEP.    R/F %DEP.    R/F %DEP.    R/F %DEP.    R/F %DEP.
---------------------------------------------------------------------------------------------------------------------------------------------------------------

2009   0.0  -100    0.0  -100   54.2   -30  263.9    18  243.0   -54  447.0   -33  432.1   -28  637.2    72  216.0   -48  185.0    19    3.7   -87    3.0   -69

2010   0.0  -100    2.1   -87  110.2    42  550.4   146  566.6     8  864.6    29  612.2     2  291.0   -21  506.8    23   65.8   -58    0.0  -100    0.0  -100

2011   1.0   -90   10.4   -67  119.4   108   47.6   -74  219.2   -50  258.2   -59  412.6   -47  370.6   -24  241.1   -41   66.0   -61   35.6    90    0.0  -100

2012   3.8   -62   22.8   -27    0.7   -99  373.7   104  269.5   -39  1354.1  116  667.6   -14  211.5   -57  564.1    39  224.5    33    2.4   -87    0.0  -100

2013   0.0  -100    8.6   -72   21.7   -62  100.7   -45  498.4    13  248.8   -60  473.5   -39  267.2   -45  469.4    16  187.0    11    0.0  -100    0.0  -100

===============================================================================================================================================================
