District : CACHAR
===============================================================================================================================================================
YEAR   JANUARY      FEBRUARY      MARCH        APRIL         MAY          JUNE         JULY        AUGUST     SEPTEMBER     OCTOBER      NOVEMBER     DECEMBER
---------------------------------------------------------------------------------------------------------------------------------------------------------------
       R/F %DEP.    R/F %DEP.    R/F %DEP.    R/F %DEP.    R/F %DEP.    R/F %DEP.    R/F %DEP.    R/F %DEP.    R/F %DEP.    R/F %DEP.    R/F %DEP.    R/F %DEP.
---------------------------------------------------------------------------------------------------------------------------------------------------------------

2009   0.0  -100   24.6   -48  111.0   -27  238.5   -24  200.2   -56  511.8   -20  456.8   -19  566.5    15  265.4   -26   91.2   -59   38.4   -14    0.0  -100

2010   0.0  -100    9.9   -79  234.0    54  588.1    88  597.3    32  680.7     7  474.5   -16  584.9    19  659.9    85  206.7    -6   16.5   -63   41.4   266

2011  14.1     6   12.2   -76   73.8   -56  114.2   -56  454.2    18  398.5   -25  480.1    -9  383.5   -19  281.0   -22   87.3   -52    0.0  -100    0.1   -99

2012  18.1    36    8.1   -84  121.9   -28  589.7   125  243.7   -37  689.4    30  353.9   -33  493.9     5  329.9    -9  146.5   -20   74.6   114    0.0  -100

2013   0.0  -100    3.0   -94   74.0   -56  139.2   -47  661.0    71  256.8   -52  496.7    -6  518.0    10  222.4   -38  183.7     1    0.0  -100    1.3   -89

===============================================================================================================================================================
