District : DHUBRI
===============================================================================================================================================================
YEAR   JANUARY      FEBRUARY      MARCH        APRIL         MAY          JUNE         JULY        AUGUST     SEPTEMBER     OCTOBER      NOVEMBER     DECEMBER
---------------------------------------------------------------------------------------------------------------------------------------------------------------
       R/F %DEP.    R/F %DEP.    R/F %DEP.    R/F %DEP.    R/F %DEP.    R/F %DEP.    R/F %DEP.    R/F %DEP.    R/F %DEP.    R/F %DEP.    R/F %DEP.    R/F %DEP.
---------------------------------------------------------------------------------------------------------------------------------------------------------------

2009   0.0  -100    0.0  -100   18.6   -59  146.5    -8  226.2   -45  502.2   -19  187.4   -65  455.6     9  168.2   -53  116.5   -28    0.2   -99    0.0  -100

2010   0.0  -100    0.0  -100   66.7    45  426.0   168  558.5    37  563.5   -10  340.0   -36  251.0   -40  286.0   -20   36.7   -77    1.4   -92    1.9   -54

2011   7.3   -29   22.3    91  135.2   190   69.1   -53  267.0   -32  389.2   -35  273.2   -51  387.2    -8  228.4   -33    9.0   -94    5.6   -71    0.6   -85

2012   6.0   -42   14.8    26    0.5   -99  138.2    -6  199.2   -49  1040.3   73  360.0   -35  282.5   -33  467.1    37  222.9    44    0.0  -100    0.0  -100

2013   0.0  -100    8.7   -26    6.4   -86  114.5   -22  266.0   -32  358.7   -41  183.2   -67  280.8   -33  175.6   -48  112.2   -28    7.4   -61    0.0  -100

===============================================================================================================================================================
