District : DIBRUGARH
===============================================================================================================================================================
YEAR   JANUARY      FEBRUARY      MARCH        APRIL         MAY          JUNE         JULY        AUGUST     SEPTEMBER     OCTOBER      NOVEMBER     DECEMBER
---------------------------------------------------------------------------------------------------------------------------------------------------------------
       R/F %DEP.    R/F %DEP.    R/F %DEP.    R/F %DEP.    R/F %DEP.    R/F %DEP.    R/F %DEP.    R/F %DEP.    R/F %DEP.    R/F %DEP.    R/F %DEP.    R/F %DEP.
---------------------------------------------------------------------------------------------------------------------------------------------------------------

2009  20.2   -44   34.0   -40   36.3   -65  196.9   -12  153.4   -51  359.8   -14  416.6   -22  530.9    21  268.4   -19  134.9   -12   24.1   -10    7.6   -62

2010   1.3   -96    9.8   -83  143.1    38  436.7    96  334.5     7  333.7   -20  447.2   -16  397.3   -10  398.0    21   90.4   -41   35.4    33    6.5   -67

2011  14.5   -53   12.8   -76  168.9    41  145.5   -37  126.0   -57  297.2   -26  463.4   -11  280.6   -31  267.6   -18   64.9   -53    2.3   -90   20.0     8

2012  15.6   -49    5.4   -90   40.7   -66  322.1    40  261.5   -11  421.3     5  474.3    -9  286.7   -29  404.5    24  130.9    -4    6.6   -73   13.0   -30

2013   8.3   -73    3.1   -94  114.2    -5  215.5    -6  413.1    41  331.9   -17  457.2   -12  413.3     2  220.8   -32  171.8    25    0.0  -100    3.7   -80

===============================================================================================================================================================
