District : GOALPARA
===============================================================================================================================================================
YEAR   JANUARY      FEBRUARY      MARCH        APRIL         MAY          JUNE         JULY        AUGUST     SEPTEMBER     OCTOBER      NOVEMBER     DECEMBER
---------------------------------------------------------------------------------------------------------------------------------------------------------------
       R/F %DEP.    R/F %DEP.    R/F %DEP.    R/F %DEP.    R/F %DEP.    R/F %DEP.    R/F %DEP.    R/F %DEP.    R/F %DEP.    R/F %DEP.    R/F %DEP.    R/F %DEP.
---------------------------------------------------------------------------------------------------------------------------------------------------------------

2009   0.0  -100    0.0  -100   91.6    65  240.3    27  313.7   -34  312.2   -47  498.6    12  480.8    45   84.6   -71  151.8     1    0.0  -100    0.0  -100

2010                            52.4    -6  484.2   155  485.5     2  612.0     3  234.5   -47  177.9   -46  107.1   -64  106.4   -29    4.2   -74    2.1   -34

2011  14.6    15    0.0  -100   80.7    58   41.7   -79  252.4   -37  407.2   -28  395.6   -21  231.8   -31  149.9   -51   25.6   -84   31.5    45    0.0  -100

2012   6.0   -53   12.0   -41    2.7   -95  130.7   -34  145.1   -64  797.9    41  370.9   -26  109.9   -67  317.8     4  144.5    -8    0.0  -100    0.0  -100

2013   0.0  -100   11.8   -42   22.2   -57  242.9    24  531.2    33  467.1   -18  208.5   -59  234.4   -30  197.1   -35   94.6   -40    2.0   -91    0.0  -100

===============================================================================================================================================================
