District : HAILAKANDI
===============================================================================================================================================================
YEAR   JANUARY      FEBRUARY      MARCH        APRIL         MAY          JUNE         JULY        AUGUST     SEPTEMBER     OCTOBER      NOVEMBER     DECEMBER
---------------------------------------------------------------------------------------------------------------------------------------------------------------
       R/F %DEP.    R/F %DEP.    R/F %DEP.    R/F %DEP.    R/F %DEP.    R/F %DEP.    R/F %DEP.    R/F %DEP.    R/F %DEP.    R/F %DEP.    R/F %DEP.    R/F %DEP.
---------------------------------------------------------------------------------------------------------------------------------------------------------------

2009   0.0  -100    2.2   -93   68.8   -51   97.2   -69  125.5   -75  116.3   -77  164.0   -66  168.9   -49  284.0    -7   61.6   -65    8.0   -77    0.0  -100

2010                           131.8    -7  420.0    35  303.6   -39  218.5   -57  139.8   -71  215.0   -36  146.3   -52   77.0   -56    6.6   -81   14.4    47

2011   8.0    10    3.5   -92   24.0   -81   46.1   -81  262.8   -37  147.3   -69  313.6   -27  239.7   -41  136.5   -57   46.6   -69    0.0  -100    0.0  -100

2012  12.8    75    8.8   -79   33.0   -73  336.2    41  129.5   -69  315.1   -33  187.2   -56  329.4   -19  292.6    -8  190.0    26   31.4   -14    0.0  -100

2013   0.0  -100    3.5   -92    4.9   -96   80.2   -66  605.9    46   82.6   -82  427.2     0  467.3    15  152.2   -52  168.1    12    0.0  -100    1.6   -82

===============================================================================================================================================================
