District : JORHAT
===============================================================================================================================================================
YEAR   JANUARY      FEBRUARY      MARCH        APRIL         MAY          JUNE         JULY        AUGUST     SEPTEMBER     OCTOBER      NOVEMBER     DECEMBER
---------------------------------------------------------------------------------------------------------------------------------------------------------------
       R/F %DEP.    R/F %DEP.    R/F %DEP.    R/F %DEP.    R/F %DEP.    R/F %DEP.    R/F %DEP.    R/F %DEP.    R/F %DEP.    R/F %DEP.    R/F %DEP.    R/F %DEP.
---------------------------------------------------------------------------------------------------------------------------------------------------------------

2009   6.6   -75   21.7   -38   26.0   -73  154.0   -35  187.8   -40  225.0   -32  293.4   -23  286.8   -23  101.5   -66   57.8   -56   18.7   -23    0.7   -96

2010                           108.0    11  325.0    36  272.4   -13  328.0    -1  413.8     8  290.3   -22  187.1   -38  113.9   -14   27.6    14    8.8   -44

2011  14.7   -34   23.3   -37   76.4    -5   55.1   -73  448.3    62  247.6   -14  413.1     6  288.1   -17  167.5   -39   17.8   -85    9.9   -61   14.9    -4

2012   9.7   -56    5.2   -86   12.4   -85  261.6    28  133.6   -52  209.7   -27  394.8     1  242.9   -30  225.5   -17   63.8   -48    1.1   -96    7.4   -53

2013   1.6   -93    9.2   -75   66.7   -17  125.8   -39  319.8    15  295.7     2  492.5    26  359.3     4   87.9   -68  145.8    20    0.0  -100    1.5   -90

===============================================================================================================================================================
