District : KAMRUP
===============================================================================================================================================================
YEAR   JANUARY      FEBRUARY      MARCH        APRIL         MAY          JUNE         JULY        AUGUST     SEPTEMBER     OCTOBER      NOVEMBER     DECEMBER
---------------------------------------------------------------------------------------------------------------------------------------------------------------
       R/F %DEP.    R/F %DEP.    R/F %DEP.    R/F %DEP.    R/F %DEP.    R/F %DEP.    R/F %DEP.    R/F %DEP.    R/F %DEP.    R/F %DEP.    R/F %DEP.    R/F %DEP.
---------------------------------------------------------------------------------------------------------------------------------------------------------------

2009   0.0  -100    1.6   -90   60.1    -1  112.1   -34  200.1   -31  190.2   -51  363.1     5  286.7     5   99.5   -49  119.0     4    3.7   -78    4.2   -58

2010                           124.1   105  369.7   117  356.0    22  482.7    25  250.9   -28  233.5   -15  223.2    14   75.7   -34    5.3   -68    0.5   -95

2011   9.3   -23   23.4    13   53.6    -9  101.4   -33  224.5   -23   88.4   -76  373.4     8  204.0   -18  255.5    36    0.3  -100   15.3     1    1.3   -83

2012   5.2   -57    7.6   -63   23.3   -60  382.2   152  181.4   -38  396.4     8  343.7     0  309.7    25  180.2    -4   57.7   -46    0.2   -99    4.7   -37

2013   0.0  -100   13.5   -35   48.2   -18  124.0   -18  227.4   -22  209.8   -43  190.2   -45  287.1    15  210.7    12  114.3     7    0.0  -100    2.9   -61

===============================================================================================================================================================
