District : KARBI ANGLONG
===============================================================================================================================================================
YEAR   JANUARY      FEBRUARY      MARCH        APRIL         MAY          JUNE         JULY        AUGUST     SEPTEMBER     OCTOBER      NOVEMBER     DECEMBER
---------------------------------------------------------------------------------------------------------------------------------------------------------------
       R/F %DEP.    R/F %DEP.    R/F %DEP.    R/F %DEP.    R/F %DEP.    R/F %DEP.    R/F %DEP.    R/F %DEP.    R/F %DEP.    R/F %DEP.    R/F %DEP.    R/F %DEP.
---------------------------------------------------------------------------------------------------------------------------------------------------------------

2009   0.0  -100    0.0  -100    0.0  -100   17.8   -80  122.0    -4   79.1   -60  253.1    12  190.3    14  123.6    -3   84.1   -19    2.9   -84    0.0  -100

2010                            38.8    -4  132.2    43  135.5     3  147.7   -33   76.7   -63  201.5     1  103.7   -41  106.8   -12    0.3   -99    0.6   -96

2011   7.6   -41   12.0   -50   43.4   -19   41.3   -61   55.1   -60  260.3    16  207.3   -13  144.5   -34   49.2   -73   23.3   -77    0.2   -99    0.0  -100

2012   3.0   -77    0.0  -100    0.1  -100  107.9     2   64.2   -54  246.4    10  131.4   -45  159.5   -28  167.8    -8  142.0    42    8.2   -69    0.0  -100

2013   0.0  -100    4.0   -83   42.3   -21   68.2   -36  244.9    76  226.3     1  255.4     7  129.9   -41  202.2    11   78.6   -22    0.0  -100    0.5   -96

===============================================================================================================================================================
