District : KOKRAJHAR
===============================================================================================================================================================
YEAR   JANUARY      FEBRUARY      MARCH        APRIL         MAY          JUNE         JULY        AUGUST     SEPTEMBER     OCTOBER      NOVEMBER     DECEMBER
---------------------------------------------------------------------------------------------------------------------------------------------------------------
       R/F %DEP.    R/F %DEP.    R/F %DEP.    R/F %DEP.    R/F %DEP.    R/F %DEP.    R/F %DEP.    R/F %DEP.    R/F %DEP.    R/F %DEP.    R/F %DEP.    R/F %DEP.
---------------------------------------------------------------------------------------------------------------------------------------------------------------

2009   1.4   -91    0.0  -100   73.2    -6  152.4   -32  587.2    12  452.4   -32  312.3   -48  879.1   138  124.2   -70  266.9    72    0.0  -100    0.0  -100

2010                0.0  -100   87.1    12  595.2   167  643.6    23  660.1    -1  859.9    43  578.5    57  626.2    52   45.5   -71    0.1  -100    0.0  -100

2011   3.0   -72    9.0   -68  188.0   310  136.3   -37  357.7   -22  411.9   -50  812.0    -6  472.6   -30  257.8   -44   19.0   -88    7.8   -57    0.0  -100

2012   3.1   -72   19.5   -30    4.4   -90  238.4    10  231.9   -50  1507.2   83  670.3   -22  261.3   -61  632.1    37  237.4    49    0.0  -100    0.0  -100

2013   0.0  -100   18.9   -32    9.4   -79  169.1   -22  442.7    -4  388.0   -53  663.0   -23  408.4   -40  571.3    23  207.9    30    0.0  -100    0.0  -100

===============================================================================================================================================================
