District : LAKHIMPUR
===============================================================================================================================================================
YEAR   JANUARY      FEBRUARY      MARCH        APRIL         MAY          JUNE         JULY        AUGUST     SEPTEMBER     OCTOBER      NOVEMBER     DECEMBER
---------------------------------------------------------------------------------------------------------------------------------------------------------------
       R/F %DEP.    R/F %DEP.    R/F %DEP.    R/F %DEP.    R/F %DEP.    R/F %DEP.    R/F %DEP.    R/F %DEP.    R/F %DEP.    R/F %DEP.    R/F %DEP.    R/F %DEP.
---------------------------------------------------------------------------------------------------------------------------------------------------------------

2009  15.8   -49   24.0   -55   26.1   -71  188.7   -10  237.4   -52  327.4   -48  455.9   -24  746.2    58  152.4   -65  150.5   -23   30.5    -1   10.4   -61

2010                           149.8    67  349.0    66  349.6   -29  808.6    27  488.7   -18  490.0     4  529.9    22   59.2   -70   38.5    25    4.4   -83

2011   6.6   -76   10.5   -78  188.1   145  132.7   -20  299.5   -10  439.2   -17  940.6    55  403.9   -14  389.5    -8   15.3   -89    4.6   -80    6.3   -69

2012  11.4   -59    3.2   -93   29.9   -61  243.2    47  295.7   -11  575.2     9  536.6   -11  369.0   -21  454.8     7  190.5    36   11.0   -52   14.5   -29

2013   5.6   -80    8.2   -83   76.6     0   92.4   -44  329.7    -1  402.4   -24  614.7     2  492.8     5  223.9   -47  111.2   -21    2.1   -91    6.0   -71

===============================================================================================================================================================
