District : MORIGAON
===============================================================================================================================================================
YEAR   JANUARY      FEBRUARY      MARCH        APRIL         MAY          JUNE         JULY        AUGUST     SEPTEMBER     OCTOBER      NOVEMBER     DECEMBER
---------------------------------------------------------------------------------------------------------------------------------------------------------------
       R/F %DEP.    R/F %DEP.    R/F %DEP.    R/F %DEP.    R/F %DEP.    R/F %DEP.    R/F %DEP.    R/F %DEP.    R/F %DEP.    R/F %DEP.    R/F %DEP.    R/F %DEP.
---------------------------------------------------------------------------------------------------------------------------------------------------------------

2009   0.0  -100    0.0  -100   41.8   -22   25.0   -80  231.6    14   96.7   -71  383.4    -2  269.6   -21  137.6   -42   95.2   -28    4.6   -77   10.8    15

2010                            46.9   -13  178.6    40  235.7    16  488.7    46  270.6   -31  322.5    -6  146.1   -39  109.2   -18    0.6   -97    2.4   -74

2011  10.2   -45    9.6   -61   30.8   -40   42.2   -64  208.1    23  207.2   -33  369.9    -1  221.0   -29   89.6   -60   56.8   -52    6.6   -67    0.0  -100

2012  23.9    28    0.0  -100   14.8   -71  182.3    56  106.6   -37  266.8   -14  274.0   -27  241.2   -22  251.6    14   56.4   -53    0.0  -100    0.0  -100

2013   0.0  -100    8.2   -66   24.8   -52   58.0   -50  224.2    33  277.0   -11  394.4     5  307.0    -1  173.2   -22   97.0   -19    0.0  -100    1.6   -80

===============================================================================================================================================================
