District : NALBARI
===============================================================================================================================================================
YEAR   JANUARY      FEBRUARY      MARCH        APRIL         MAY          JUNE         JULY        AUGUST     SEPTEMBER     OCTOBER      NOVEMBER     DECEMBER
---------------------------------------------------------------------------------------------------------------------------------------------------------------
       R/F %DEP.    R/F %DEP.    R/F %DEP.    R/F %DEP.    R/F %DEP.    R/F %DEP.    R/F %DEP.    R/F %DEP.    R/F %DEP.    R/F %DEP.    R/F %DEP.    R/F %DEP.
---------------------------------------------------------------------------------------------------------------------------------------------------------------

2009   0.0  -100    1.8   -89   55.7    -8  140.8   -18  179.5   -38  237.5   -39  387.0    12  313.7    15   93.4   -52   99.7   -13    7.9   -53   12.6    25

2010                           138.8   129  516.7   203  393.3    35  602.2    55  281.4   -19  186.6   -32  240.4    23   45.4   -60    3.1   -81    2.2   -78

2011  11.3   -24   16.1   -13  136.0   140   79.4   -57  246.8   -35  203.6   -63  313.1   -34  276.9   -14  212.6    -3    8.8   -92    4.7   -78    0.0  -100

2012   1.6   -89    9.8   -47   12.0   -79  268.9    46  199.3   -48  987.0    79  236.0   -50  156.9   -51  265.5    21   85.9   -22    0.3   -99    1.3   -73

2013   0.0  -100   11.1   -40   27.3   -52  124.5   -33  290.5   -24  251.5   -54  257.4   -45  227.5   -29  190.2   -14  142.0    29    2.0   -91    1.8   -63

===============================================================================================================================================================
