District : TINSUKIA
===============================================================================================================================================================
YEAR   JANUARY      FEBRUARY      MARCH        APRIL         MAY          JUNE         JULY        AUGUST     SEPTEMBER     OCTOBER      NOVEMBER     DECEMBER
---------------------------------------------------------------------------------------------------------------------------------------------------------------
       R/F %DEP.    R/F %DEP.    R/F %DEP.    R/F %DEP.    R/F %DEP.    R/F %DEP.    R/F %DEP.    R/F %DEP.    R/F %DEP.    R/F %DEP.    R/F %DEP.    R/F %DEP.
---------------------------------------------------------------------------------------------------------------------------------------------------------------

2009  31.2   -33   31.5   -39   46.4   -66  158.6    -8  118.0   -58  268.3   -17  344.2   -25  554.2    31  213.8   -17  129.9    -8   39.0   134    1.7   -91

2010                           141.7     5  494.2   188  438.2    55  333.0     4  461.1     1  263.8   -37  358.2    40   86.9   -39   39.8   138   27.8    49

2011  34.1    28   14.3   -76  160.5    22  148.0   -31  214.9   -21  273.9   -29  329.6   -36  224.8   -42  330.2     1   35.5   -70    3.9   -84    9.3   -51

2012  23.1   -13    6.8   -88   29.9   -77  304.7    41  216.5   -21  417.3     7  488.0    -5  329.7   -15  636.5    95  187.1    58    6.2   -75   17.8    -6

2013   8.9   -67    4.5   -92  141.5     8  246.0    14  335.0    23  289.0   -26  424.0   -18  298.4   -23  199.3   -39  176.6    49    0.4   -98    2.2   -88

===============================================================================================================================================================
